------------ LogisticRegression ------------
Predict Proba:
 [  4.79752449e-02   9.52024755e-01   1.30526478e-25] , [  3.06511705e-10   1.00000000e+00   4.91884490e-13] , [ 0.91565934  0.08096248  0.00337818] , [  9.99999380e-01   6.20233702e-07   8.14210340e-13] , [  8.42640115e-03   9.91573593e-01   5.59418198e-09] , [  8.67645602e-01   1.32354398e-01   4.80838849e-13] , [  9.03626334e-01   9.63736661e-02   2.38728872e-20] , [  1.34558612e-02   2.75269525e-08   9.86544111e-01] , [  4.85925622e-01   5.14074378e-01   1.01961273e-21] , [  5.33645472e-01   4.66354528e-01   4.35722905e-22] , [  6.29174770e-02   8.44502086e-12   9.37082523e-01] , [  1.45972328e-01   5.42690935e-11   8.54027672e-01] , [  5.00000077e-01   1.66576365e-16   4.99999923e-01] , [  9.99939685e-01   4.33232912e-07   5.98816279e-05] , [  8.68586787e-01   1.31413213e-01   5.21072068e-33] , [  9.99999967e-01   3.31029004e-08   3.95795007e-11] , [  4.99308771e-01   5.00691229e-01   4.65510739e-24] , [  9.99998675e-01   1.32149106e-06   3.59311107e-09] , [  9.99815989e-01   4.96040133e-07   1.83514799e-04] , [  4.99759881e-01   5.00240119e-01   2.37950576e-23] , [  9.99884736e-01   2.01844525e-06   1.13246034e-04] ]
log_loss: 0.934796003002 

------------ 		SVC         ------------
Predict Proba:
 [ 0.35391762  0.5572297   0.08885268] , [ 0.35391762  0.5572297   0.08885268] , [ 0.35391762  0.5572297   0.08885268] , [ 0.35391762  0.5572297   0.08885268] , [ 0.35391762  0.5572297   0.08885268] , [ 0.35391762  0.5572297   0.08885268] , [ 0.35391762  0.5572297   0.08885268] , [ 0.35391762  0.5572297   0.08885268] , [ 0.35391762  0.5572297   0.08885268] , [ 0.35391762  0.5572297   0.08885268] , [ 0.35391762  0.5572297   0.08885268] , [ 0.35391762  0.5572297   0.08885268] , [ 0.35391762  0.5572297   0.08885268] , [ 0.35391762  0.5572297   0.08885268] , [ 0.35391762  0.5572297   0.08885268] , [ 0.35391762  0.5572297   0.08885268] , [ 0.35391762  0.5572297   0.08885268] , [ 0.35391762  0.5572297   0.08885268] , [ 0.35391762  0.5572297   0.08885268] , [ 0.35391762  0.5572297   0.08885268] , [ 0.35391762  0.5572297   0.08885268] ]
log_loss: 0.95320018846 

------------ LogisticRegression ------------
Predict Proba:
 [ 0.2  0.8  0. ] , [ 0.1  0.9  0. ] , [ 0.3  0.7  0. ] , [ 0.5  0.   0.5] , [ 0.2  0.8  0. ] , [ 0.2  0.8  0. ] , [ 0.2  0.8  0. ] , [ 0.6  0.4  0. ] , [ 0.1  0.9  0. ] , [ 0.3  0.7  0. ] , [ 0.4  0.1  0.5] , [ 0.7  0.   0.3] , [ 0.5  0.3  0.2] , [ 0.6  0.4  0. ] , [ 0.3  0.7  0. ] , [ 0.8  0.2  0. ] , [ 0.1  0.9  0. ] , [ 0.6  0.3  0.1] , [ 0.5  0.3  0.2] , [ 0.2  0.8  0. ] , [ 0.6  0.2  0.2] ]
log_loss: 0.588796109092 

