------------ LogisticRegression ------------
Predict Proba:
 [  9.81239118e-01   6.29563565e-04   1.70866250e-02   1.04454195e-03
   1.51778262e-07] , [  1.24492539e-04   4.38856365e-02   2.72978796e-01   6.47862497e-01
   3.51485778e-02] , [  2.03105045e-01   2.63913215e-01   4.84313871e-01   4.84987532e-02
   1.69115601e-04] , [  2.58235353e-06   1.82709246e-02   4.77362339e-02   4.44653047e-01
   4.89337212e-01] , [ 0.76108363  0.10925827  0.03270412  0.09599085  0.00096313] , [ 0.00176799  0.05972377  0.11520079  0.75476382  0.06854364] , [  2.27468669e-06   2.64306149e-02   6.77485944e-02   5.42765828e-01
   3.63052688e-01] , [  2.68265043e-04   1.28508534e-02   2.14574811e-01   7.28084508e-01
   4.42215622e-02] , [  4.24278693e-05   6.72523153e-04   1.23240864e-01   4.93703289e-01
   3.82340896e-01] , [  7.71673668e-06   3.67590541e-03   5.63698693e-02   4.30623683e-01
   5.09322825e-01] , [ 0.01479346  0.21266393  0.58198595  0.07145107  0.11910559] , [ 0.00771403  0.5967808   0.32257802  0.06578701  0.00714014] , [ 0.00568361  0.11174712  0.15576374  0.64016404  0.08664149] , [  9.82960419e-01   2.68986197e-03   1.39180871e-02   4.31511023e-04
   1.21353220e-07] , [  4.33854417e-04   3.15600487e-02   2.48809118e-01   6.70259058e-01
   4.89379215e-02] , [ 0.01931869  0.78061555  0.04098101  0.12104955  0.0380352 ] , [  1.12343913e-04   3.30937069e-02   1.38803651e-01   8.09917444e-01
   1.80728547e-02] , [ 0.01101441  0.52252032  0.20301777  0.17345125  0.08999626] , [  5.38918421e-01   1.57959733e-01   2.99012579e-01   4.05839673e-03
   5.08709772e-05] , [  9.77773906e-01   3.30495225e-03   1.81312996e-02   7.89753029e-04
   8.92787884e-08] , [ 0.63144511  0.11337335  0.03649803  0.20135251  0.017331  ] , [ 0.14346219  0.273642    0.22695752  0.35289031  0.00304798] , [ 0.00630507  0.00101517  0.46578167  0.43669255  0.09020554] , [ 0.01062193  0.04192184  0.27946031  0.66621936  0.00177657] , [ 0.00286333  0.22678714  0.25608504  0.51265468  0.00160981] , [ 0.01238402  0.02441519  0.33178132  0.58636119  0.04505827] , [ 0.0650908   0.45717827  0.25654164  0.20929618  0.01189311] , [  4.64529417e-01   3.61229298e-01   1.63565981e-01   1.02400730e-02
   4.35230592e-04] , [  9.81771833e-01   5.79690992e-03   1.20506258e-02   3.80385806e-04
   2.45210882e-07] , [  9.84522132e-01   6.12752518e-03   8.96430890e-03   3.85778700e-04
   2.55223913e-07] , [ 0.42609461  0.17019834  0.03532155  0.36241839  0.00596711] , [ 0.00875818  0.2165666   0.48142524  0.23903783  0.05421216] , [  2.92433185e-05   2.68558987e-02   4.70611183e-02   4.84482222e-01
   4.41571517e-01] , [ 0.00777209  0.00161926  0.14519617  0.83881723  0.00659525] , [ 0.01509452  0.05229292  0.35921145  0.56871037  0.00469074] , [ 0.01511475  0.1235031   0.16535137  0.69133825  0.00469253] , [ 0.17585101  0.21525962  0.57857958  0.02732091  0.00298888] , [ 0.00224813  0.00081244  0.25502559  0.68423885  0.05767499] , [  2.64017475e-04   9.32824396e-02   1.67942401e-01   6.26892143e-01
   1.11618998e-01] , [ 0.4658432   0.22865515  0.23263211  0.07237763  0.00049191] , [  6.33322025e-01   3.46681713e-01   1.80688044e-02   1.92452286e-03
   2.93505406e-06] , [  5.54033042e-01   1.98790659e-01   2.40110006e-01   7.01308034e-03
   5.32127473e-05] , [ 0.00035673  0.35312868  0.18335666  0.27320203  0.1899559 ] , [ 0.04757789  0.23650385  0.12135233  0.57172171  0.02284422] , [ 0.02067443  0.25279735  0.65993318  0.05197488  0.01462016] , [  6.39420553e-01   2.22021086e-01   1.27176301e-01   1.13668251e-02
   1.52337268e-05] , [  5.61298056e-04   1.52312798e-01   2.18899554e-01   5.83944716e-01
   4.42816343e-02] , [ 0.00848601  0.05737315  0.52175315  0.2597576   0.15263009] , [ 0.02220565  0.15063952  0.43131853  0.38678702  0.00904927] , [  9.91961691e-01   2.27533123e-04   7.30898275e-03   5.01071049e-04
   7.21709371e-07] , [ 0.01762149  0.39961888  0.35232432  0.21590331  0.01453201] , [ 0.00475792  0.02152182  0.452203    0.51822016  0.00329709] , [  2.70459643e-03   5.50395361e-04   1.67852085e-01   8.08169380e-01
   2.07235427e-02] , [ 0.00363598  0.51193232  0.06017189  0.36915347  0.05510633] , [ 0.00190835  0.02378268  0.10293829  0.34956763  0.52180305] , [ 0.4239027   0.06860237  0.10172097  0.19670106  0.20907291] , [ 0.00285302  0.02718654  0.3580297   0.09965679  0.51227396] , [  8.04108851e-05   1.70243240e-03   1.94876260e-01   7.40219659e-01
   6.31212380e-02] , [ 0.00223726  0.06523451  0.48951897  0.41535016  0.0276591 ] , [  1.91489351e-04   8.04996680e-03   3.08608728e-01   6.55225026e-01
   2.79247901e-02] , [  6.69656198e-05   6.36836474e-03   2.53002166e-01   4.82965792e-01
   2.57596712e-01] , [  9.72089189e-01   7.02990928e-03   2.04831146e-02   3.97751859e-04
   3.53333915e-08] , [  9.43217401e-05   1.48768514e-02   1.69437548e-01   3.43886422e-01
   4.71704857e-01] , [  1.08733171e-04   6.53926492e-02   1.69117342e-01   6.15206367e-01
   1.50174909e-01] , [ 0.44062317  0.14300749  0.40378059  0.01173265  0.0008561 ] , [  9.98007262e-05   3.42440626e-02   9.79065271e-02   6.31891777e-01
   2.35857833e-01] , [ 0.12585922  0.31373833  0.40122875  0.15757296  0.00160073] , [ 0.48517995  0.10009239  0.06334772  0.11845792  0.23292202] , [ 0.00141244  0.01638946  0.2762587   0.69914375  0.00679565] , [  4.23377486e-01   2.94189367e-01   2.80900741e-01   1.50494054e-03
   2.74644716e-05] , [ 0.01026615  0.21509984  0.42070165  0.33023634  0.02369602] , [  9.80108703e-07   2.08218735e-02   5.07032485e-02   5.92162231e-01
   3.36311667e-01] , [  4.60048913e-01   2.68772306e-02   4.80594904e-01   3.24748893e-02
   4.06253867e-06] , [ 0.09358033  0.79947609  0.06451662  0.03924799  0.00317896] , [  1.18449834e-04   1.14571257e-02   3.54183905e-01   6.16211670e-01
   1.80288493e-02] , [ 0.04322952  0.81352566  0.03228991  0.09370675  0.01724816] , [  9.89269679e-01   2.46796157e-04   9.31772212e-03   1.16522498e-03
   5.77260913e-07] , [  4.84137375e-04   5.94054766e-01   9.59637040e-03   2.88571213e-01
   1.07293513e-01] , [ 0.0309875   0.02320424  0.24104683  0.59671452  0.10804692] , [ 0.02162113  0.03676755  0.43516204  0.35557546  0.15087383] , [  1.81529964e-04   5.03827160e-03   4.84092827e-01   4.86975771e-01
   2.37116003e-02] , [  3.80950554e-01   5.98654805e-01   1.08719127e-02   9.43650323e-03
   8.62254104e-05] , [  1.01072907e-04   8.35629778e-02   4.53107813e-01   2.42332386e-01
   2.20895751e-01] , [  7.95009288e-01   1.35255789e-01   6.43468906e-02   5.18850563e-03
   1.99526476e-04] , [ 0.30154015  0.20672732  0.48110911  0.01006249  0.00056092] , [  3.12462766e-04   1.25374456e-01   2.01804779e-01   6.21717692e-01
   5.07906108e-02] , [  5.88779807e-05   1.26907472e-02   2.76209711e-01   1.40795775e-01
   5.70244888e-01] , [ 0.00192846  0.00454382  0.37221882  0.57551416  0.04579473] , [  3.60896449e-04   1.57665207e-03   3.00374853e-01   6.74355540e-01
   2.33320587e-02] , [ 0.00085796  0.04289979  0.34292936  0.54934837  0.06396452] , [ 0.04232062  0.34998473  0.17295178  0.434246    0.00049687] , [ 0.31437997  0.17371321  0.1565198   0.35442114  0.00096588] , [  9.87760300e-01   7.93196297e-04   1.05030440e-02   9.43157073e-04
   3.02130586e-07] , [  5.47393575e-01   2.47904849e-01   2.02757462e-01   1.87400892e-03
   7.01043536e-05] , [  1.74725764e-05   6.86278209e-03   3.67555213e-01   5.96028139e-01
   2.95363935e-02] , [ 0.00263028  0.15363318  0.49313032  0.28758702  0.0630192 ] , [  3.26889071e-05   1.47438554e-02   1.20674512e-01   3.09090502e-01
   5.55458442e-01] , [ 0.14424389  0.3333578   0.42058097  0.09277776  0.00903958] , [ 0.43888751  0.11060907  0.16037413  0.27633782  0.01379147] , [ 0.01675075  0.13111927  0.11738096  0.6764693   0.05827971] , [ 0.25654465  0.13922111  0.56902599  0.01980607  0.01540218] , [ 0.00169414  0.02820091  0.03363204  0.65162085  0.28485207] , [ 0.00306004  0.16038632  0.19851082  0.60104496  0.03699786] , [  1.12729954e-04   2.50551654e-01   6.97382389e-02   4.66664463e-01
   2.12932913e-01] , [ 0.0395056   0.7646589   0.03507535  0.14885896  0.01190119] , [ 0.00389125  0.05350442  0.20758589  0.72572741  0.00929104] , [  4.92176300e-01   3.26886413e-01   1.77643565e-01   3.28983255e-03
   3.88984006e-06] , [ 0.31965279  0.04118508  0.10759453  0.34318867  0.18837893] , [ 0.0563202   0.61844978  0.11887343  0.14916431  0.05719227] , [  5.16612993e-05   4.32932980e-02   1.45330709e-01   6.54110323e-01
   1.57214009e-01] , [ 0.01076071  0.00088392  0.25142814  0.72483724  0.01208998] , [ 0.00812465  0.06011981  0.32441815  0.60400076  0.00333664] , [ 0.0074103   0.02582416  0.40548813  0.55563953  0.00563788] , [ 0.02121151  0.44417218  0.40563148  0.08806327  0.04092155] , [  4.49565720e-01   1.99954701e-01   2.14425325e-01   1.35702444e-01
   3.51809275e-04] , [ 0.0060597   0.02210037  0.15743347  0.13764751  0.67675893] , [  6.44384232e-01   2.31947809e-01   8.09393283e-02   4.27269980e-02
   1.63309021e-06] , [ 0.02650625  0.07411194  0.14686309  0.67796896  0.07454977] , [  1.01608731e-05   9.76708137e-03   1.30316189e-01   2.29064690e-01
   6.30841879e-01] , [  1.04445666e-04   1.19818850e-01   1.75034938e-01   5.79867230e-01
   1.25174536e-01] , [  6.77257137e-03   2.03811216e-05   3.51909746e-05   3.74443800e-01
   6.18728057e-01] , [ 0.76376213  0.04914021  0.0515474   0.11501813  0.02053213] , [ 0.13241631  0.45930033  0.35100291  0.02678854  0.0304919 ] , [  5.93337429e-01   3.78555984e-01   2.18448917e-02   6.23973731e-03
   2.19581425e-05] , [ 0.19291855  0.35493863  0.33723748  0.11279067  0.00211467] , [  9.92183255e-01   5.26904810e-04   6.24831530e-03   1.04038131e-03
   1.14400913e-06] , [ 0.55883026  0.40253555  0.00648626  0.03037326  0.00177467] , [ 0.03643309  0.08960277  0.57215887  0.2237615   0.07804377] , [  4.02880811e-01   4.21680488e-01   1.71376779e-01   4.00761451e-03
   5.43070522e-05] , [ 0.00304873  0.07358029  0.17765954  0.73600517  0.00970627] , [ 0.00866553  0.02075915  0.51651039  0.42623063  0.0278343 ] , [ 0.06941246  0.41329493  0.47752113  0.03588133  0.00389014] , [  9.46340983e-01   1.63565520e-02   3.68767482e-02   4.25680547e-04
   3.67691610e-08] , [  9.80215621e-01   2.48551198e-03   1.64884320e-02   8.10347367e-04
   8.78362206e-08] , [ 0.09360001  0.05141453  0.79971731  0.01789713  0.03737102] , [  6.50465773e-01   2.44518076e-01   5.64213270e-02   4.81338378e-02
   4.60985897e-04] , [ 0.29290601  0.6121044   0.07785916  0.01607746  0.00105297] , [ 0.00819188  0.00209877  0.40296377  0.5857907   0.00095488] , [ 0.14025285  0.28339194  0.08795778  0.48656328  0.00183415] , [  5.86365146e-01   2.36776834e-01   8.51324966e-02   9.16784242e-02
   4.70999928e-05] , [ 0.0204687   0.51463212  0.4476547   0.01636715  0.00087733] , [  1.11732592e-04   2.84899188e-02   5.34842410e-02   4.43456087e-01
   4.74458020e-01] , [  3.70910915e-04   3.66149532e-01   5.16585148e-02   4.78860949e-01
   1.02960093e-01] , [  3.88064182e-04   2.40659777e-03   2.75310141e-01   6.50945326e-01
   7.09498708e-02] , [ 0.00137806  0.00091629  0.2460508   0.71673729  0.03491756] , [  1.30856656e-06   3.20772131e-03   9.98575239e-02   4.09520197e-01
   4.87413249e-01] , [  6.18251577e-01   3.23477514e-01   4.58778972e-02   1.23685455e-02
   2.44660791e-05] , [  2.44637388e-02   5.99717420e-04   2.21508789e-01   7.44967951e-01
   8.45980374e-03] , [  3.84882225e-06   1.68360214e-02   4.15915574e-02   2.91134056e-01
   6.50434517e-01] , [ 0.06980776  0.01385559  0.44978792  0.44155779  0.02499095] , [  1.75768066e-02   2.25086020e-01   4.14764359e-01   3.42216545e-01
   3.56269647e-04] , [ 0.01386561  0.00366509  0.30040634  0.66884865  0.01321431] , [  6.97088441e-01   1.31584648e-01   1.66555619e-01   4.70344004e-03
   6.78522476e-05] , [ 0.0039622   0.08696625  0.18982003  0.65888456  0.06036697] , [  6.90401207e-06   1.02026985e-02   4.41400302e-02   3.03560150e-01
   6.42090217e-01] , [  9.87317906e-05   4.61767358e-02   9.76420088e-02   4.05359849e-01
   4.50722674e-01] , [ 0.0007188   0.04507259  0.42006153  0.38791553  0.14623155] , [ 0.26098253  0.58637529  0.14345708  0.00833894  0.00084616] , [  5.90829030e-04   2.25809767e-02   1.75350163e-01   7.02491026e-01
   9.89870050e-02] , [ 0.01278265  0.05444664  0.69867349  0.07291243  0.16118479] , [  2.83845595e-06   9.79868338e-03   1.46125854e-01   1.82346068e-01
   6.61726556e-01] , [  6.23165835e-01   3.35635347e-01   2.04943258e-02   2.00990709e-02
   6.05421224e-04] , [ 0.02809883  0.61497898  0.03543122  0.25917409  0.06231688] , [  6.22461780e-01   4.06084881e-02   2.76921630e-01   6.00053073e-02
   2.79445277e-06] , [ 0.34100057  0.6340677   0.01324345  0.0108336   0.00085468] , [  5.31970200e-01   1.99023349e-01   2.67528815e-01   1.45382594e-03
   2.38095553e-05] , [ 0.24262238  0.00547133  0.55747832  0.19375844  0.00066954] , [  9.88355004e-01   1.28144609e-03   9.47797549e-03   8.85193698e-04
   3.81220952e-07] , [  6.39981834e-07   9.29822319e-03   8.38043282e-02   4.18625023e-01
   4.88271786e-01] , [  4.07813904e-01   5.74070488e-01   8.77329270e-03   9.13072801e-03
   2.11587823e-04] , [ 0.10815198  0.46136884  0.18891765  0.24057454  0.00098699] , [  2.21093162e-04   7.38543014e-03   1.69191357e-01   6.81689599e-01
   1.41512521e-01] , [ 0.00048026  0.04891482  0.15347179  0.34785474  0.44927839] , [ 0.02627141  0.38768587  0.02023202  0.50563172  0.06017899] , [ 0.05040401  0.37719629  0.52076846  0.02679481  0.02483642] , [  5.70638221e-01   3.03140835e-01   1.22786280e-01   3.43375004e-03
   9.13749337e-07] , [  3.61901846e-05   1.64313240e-02   2.86115209e-01   4.41831511e-01
   2.55585766e-01] , [  5.30811107e-04   2.52509369e-02   3.19416331e-02   6.96449620e-01
   2.45826999e-01] , [  9.81248749e-01   2.30331200e-03   1.55673368e-02   8.80424074e-04
   1.78056696e-07] , [  4.26566876e-01   4.58714342e-01   1.12910931e-01   1.74388663e-03
   6.39643804e-05] , [ 0.08912795  0.00084441  0.60245156  0.30499486  0.00258122] , [  1.44189315e-01   5.34844918e-01   3.10846465e-01   9.62844038e-03
   4.90862090e-04] , [ 0.06407643  0.4524351   0.17456514  0.2025496   0.10637373] , [  3.13047393e-04   1.91133526e-01   9.25567260e-02   5.61112116e-01
   1.54884585e-01] , [ 0.05286342  0.39670804  0.08624968  0.45667803  0.00750082] , [  7.83146494e-05   1.82818919e-02   3.60759417e-01   3.78050097e-01
   2.42830280e-01] , [  4.50460640e-05   1.47694153e-02   1.35424046e-01   5.37222245e-01
   3.12539248e-01] , [  9.81957400e-01   1.15747515e-03   1.64664572e-02   4.18565949e-04
   1.01817644e-07] , [  9.87680184e-01   1.14013073e-03   1.02917670e-02   8.87684409e-04
   2.34228513e-07] , [  9.68842719e-01   8.34951721e-03   2.21225844e-02   6.85142280e-04
   3.70756932e-08] , [  8.17895581e-07   1.36617724e-02   1.70282155e-01   4.77879168e-01
   3.38176087e-01] , [  3.27032036e-05   6.98264465e-03   6.31843641e-02   3.35555773e-01
   5.94244515e-01] , [  4.65410452e-01   4.72181137e-01   6.02228818e-02   2.16671428e-03
   1.88154238e-05] , [ 0.00182981  0.16384567  0.34744897  0.26057544  0.22630011] , [ 0.18964058  0.45727718  0.19121941  0.15483508  0.00702775] , [  5.80419372e-01   2.15750940e-01   1.96709679e-01   7.11689403e-03
   3.11583336e-06] , [ 0.74320723  0.03300623  0.1210797   0.0855965   0.01711035] , [ 0.00483668  0.05817499  0.3269255   0.11652192  0.4935409 ] , [ 0.12828667  0.21721966  0.18520666  0.45815454  0.01113247] , [ 0.01574513  0.28416549  0.09884003  0.5528797   0.04836965] , [  5.50502035e-01   3.40941416e-01   8.35929253e-02   2.49614349e-02
   2.18872655e-06] , [  7.17427883e-05   1.05550405e-02   3.25122749e-02   4.71637557e-01
   4.85223385e-01] , [ 0.21984005  0.18073312  0.55542011  0.041108    0.00289873] , [ 0.00119008  0.04734049  0.47406548  0.4448332   0.03257075] , [ 0.01593813  0.19193474  0.72892195  0.0461077   0.01709749] , [ 0.00666756  0.12955337  0.02750675  0.7631265   0.07314582] , [ 0.2986607   0.45596242  0.01032667  0.18904958  0.04600063] , [ 0.00113274  0.00058918  0.53270346  0.37104175  0.09453288] , [  2.66756752e-04   3.35920253e-02   4.39995928e-01   1.83081228e-01
   3.43064062e-01] , [  4.68701109e-02   1.42080107e-01   6.30739199e-01   1.80131345e-01
   1.79237911e-04] , [ 0.01551264  0.11405195  0.46080805  0.40569799  0.00392937] , [ 0.00095961  0.03437606  0.54853096  0.22681118  0.18932219] , [  1.63736600e-04   3.86589217e-04   1.44586502e-01   7.05778199e-01
   1.49084973e-01] , [  9.11423152e-05   1.79478734e-02   8.42076768e-02   5.76616034e-01
   3.21137274e-01] , [ 0.00139073  0.11187773  0.1229107   0.671669    0.09215184] , [ 0.00384217  0.10843417  0.62743969  0.18762016  0.07266382] , [ 0.52637179  0.23666053  0.13345255  0.10093614  0.00257899] , [  9.74181388e-01   3.15407885e-03   2.22932925e-02   3.71183413e-04
   5.67924811e-08] , [  9.87602100e-01   8.15594119e-04   1.05975100e-02   9.84505590e-04
   2.90490555e-07] , [ 0.00171244  0.20099366  0.13908697  0.40853086  0.24967608] , [ 0.03213281  0.36067115  0.40975644  0.13027062  0.06716899] , [ 0.03180743  0.05778459  0.03627302  0.80121816  0.07291679] , [  5.79283692e-01   3.76202899e-02   3.77699967e-01   5.38594044e-03
   1.01108767e-05] , [ 0.78873188  0.08382477  0.03274516  0.08034091  0.01435729] , [ 0.10310341  0.56394171  0.12877516  0.15190351  0.0522762 ] , [  6.43643660e-04   1.19664910e-01   1.40105250e-01   6.53669857e-01
   8.59163390e-02] , [  9.83256908e-01   2.36117692e-03   1.39062361e-02   4.75385011e-04
   2.93630906e-07] , [ 0.13732707  0.15726648  0.59333321  0.0217759   0.09029733] , [ 0.31086297  0.55766488  0.07440101  0.05514266  0.00192848] , [ 0.02378488  0.01262593  0.63394498  0.12196142  0.20768279] , [  9.90831387e-01   1.30037497e-04   7.77241027e-03   1.26521156e-03
   9.53299150e-07] , [  4.46924433e-01   3.05180800e-01   2.38412784e-01   9.48138344e-03
   5.99610338e-07] , [  4.67194827e-01   2.03509058e-01   3.24923454e-01   4.21303129e-03
   1.59629474e-04] , [  4.71925733e-04   2.92536616e-02   1.33218399e-01   6.50630668e-01
   1.86425345e-01] , [ 0.00336537  0.01344469  0.66659713  0.314033    0.0025598 ] , [  6.38300811e-04   1.34456561e-01   1.58036823e-01   6.68087492e-01
   3.87808238e-02] , [  8.09766261e-05   4.38159056e-02   1.29830027e-01   4.83695399e-01
   3.42577693e-01] , [  7.49918267e-05   1.90230032e-02   4.83879680e-02   4.05619050e-01
   5.26894987e-01] , [  9.87780111e-01   6.48692241e-04   1.11260023e-02   4.44974034e-04
   2.20311009e-07] , [ 0.72595795  0.0475631   0.0363475   0.18347018  0.00666127] , [ 0.03034652  0.50610231  0.20575311  0.04498557  0.21281249] , [  2.75953202e-01   4.05096093e-01   2.80593441e-01   3.83043980e-02
   5.28655895e-05] , [  5.04530736e-06   3.15450087e-02   6.47913750e-02   3.68390115e-01
   5.35268456e-01] , [  2.92522064e-06   4.21670534e-03   2.19285854e-01   4.01359515e-01
   3.75135000e-01] , [  8.33867205e-06   3.00107483e-02   3.29540143e-02   3.48936809e-01
   5.88090090e-01] , [ 0.22312003  0.02601821  0.33765191  0.40914536  0.00406449] , [  1.13326863e-04   8.48211092e-05   2.42650163e-01   6.18082861e-01
   1.39068828e-01] , [ 0.00095973  0.00608155  0.27599186  0.12275454  0.59421233] , [  9.74238347e-01   4.79624267e-03   2.05584801e-02   4.06875527e-04
   5.45750520e-08] , [  3.42010971e-04   6.63060566e-03   5.80441083e-02   5.95423970e-01
   3.39559305e-01] , [  3.81248470e-04   1.11852177e-02   3.17314504e-01   6.46583384e-01
   2.45356453e-02] , [ 0.0609271   0.02319207  0.63768708  0.23251253  0.04568123] , [ 0.00092569  0.01855445  0.48151897  0.48672452  0.01227636] , [ 0.00565086  0.03399096  0.64769855  0.30052697  0.01213267] , [  8.76826375e-05   8.23317525e-03   1.01081717e-01   3.71036321e-01
   5.19561103e-01] , [ 0.13312995  0.29110232  0.41701288  0.14905835  0.0096965 ] , [  2.40677413e-06   4.17128440e-02   9.24806676e-02   4.71891660e-01
   3.93912421e-01] , [  3.14511645e-06   3.29487034e-02   6.99714944e-02   4.67949100e-01
   4.29127557e-01] , [ 0.00087295  0.35235998  0.09916808  0.20136742  0.34623157] , [ 0.00675393  0.06824585  0.33170167  0.07272221  0.52057635] , [ 0.01058968  0.05951638  0.60773492  0.3173667   0.00479232] , [  4.58719063e-05   2.82893069e-02   1.18859857e-01   2.83984740e-01
   5.68820225e-01] , [  9.76762049e-01   6.18934095e-03   1.66417372e-02   4.06829225e-04
   4.40372766e-08] , [  9.67975393e-01   1.44275049e-02   1.71903569e-02   4.06705973e-04
   3.92720815e-08] , [ 0.31546016  0.63799233  0.03267469  0.01294781  0.00092502] , [ 0.01122854  0.05980382  0.45728428  0.46836893  0.00331443] , [ 0.02234023  0.11569925  0.66743098  0.19322447  0.00130506] , [  8.19134802e-01   1.20076344e-01   4.58617069e-02   1.48933664e-02
   3.37804671e-05] , [  5.12076308e-01   4.06916136e-01   8.02547482e-02   7.48339775e-04
   4.46816486e-06] , [  3.07094616e-07   1.90452941e-02   1.45046482e-01   3.71275901e-01
   4.64632016e-01] , [ 0.00709937  0.0917061   0.62664771  0.11044821  0.16409862] , [ 0.24424467  0.02592549  0.07358907  0.63385502  0.02238574] , [ 0.0046026   0.00216347  0.34559971  0.64297212  0.00466211] , [ 0.33348755  0.52145026  0.13163515  0.01135029  0.00207674] , [ 0.00127932  0.09009119  0.20200269  0.57072851  0.1358983 ] , [ 0.0083098   0.00957238  0.26509416  0.69718094  0.01984272] , [ 0.00140368  0.00167002  0.16038917  0.81879324  0.01774389] , [ 0.00297722  0.02396715  0.17371734  0.73994006  0.05939823] , [  9.87229012e-01   1.15179706e-03   1.07085004e-02   9.10318264e-04
   3.72244612e-07] , [ 0.00071918  0.08258981  0.40285721  0.4730179   0.0408159 ] , [  7.30280862e-01   1.46341974e-01   1.16193104e-01   7.16189508e-03
   2.21655311e-05] , [ 0.05335372  0.21858209  0.56492291  0.12834806  0.03479322] , [  1.37520998e-04   5.80227154e-02   1.04086162e-02   4.80002719e-01
   4.51428429e-01] , [  5.00369744e-01   3.55712641e-01   1.42664780e-01   1.25192412e-03
   9.10444778e-07] , [  9.81525690e-01   7.01798599e-03   1.10102523e-02   4.45972014e-04
   1.00035801e-07] , [ 0.2501876   0.45288566  0.20687368  0.08952384  0.00052922] , [ 0.02263578  0.36588471  0.17244638  0.38527546  0.05375767] , [ 0.30740993  0.43071116  0.17852953  0.06704149  0.01630788] , [  3.36679600e-04   2.21235300e-02   5.01044054e-01   4.67698964e-01
   8.79677225e-03] , [  5.84320605e-05   2.56600380e-02   8.78798350e-02   3.49439911e-01
   5.36961784e-01] , [  1.18645899e-02   4.18349114e-02   7.02045422e-01   2.43610053e-01
   6.45023454e-04] , [ 0.02953793  0.08715889  0.75180995  0.07303636  0.05845687] , [  9.39908659e-01   1.20956469e-02   4.76848158e-02   3.10872054e-04
   5.90856476e-09] , [  4.40661009e-02   4.61394955e-01   4.82483260e-01   1.16222246e-02
   4.33458800e-04] , [  5.46803711e-05   2.45247317e-02   2.18723952e-01   2.15086049e-01
   5.41610587e-01] ]
log_loss: 0.995841678678 

------------ 		SVC         ------------
Predict Proba:
