------------ LogisticRegression ------------
Predict Proba:
 [ 0.02289398  0.00222899  0.0112957   0.00165994  0.95754359  0.00437779] , [  2.57736463e-03   1.17794776e-02   3.75050413e-03   9.44723833e-01
   3.71612106e-02   7.61020110e-06] , [  3.48771350e-03   1.00300850e-01   2.16556064e-03   8.87602334e-01
   6.14996364e-03   2.93577833e-04] , [  9.86078255e-01   8.71026885e-06   3.52278432e-04   8.81961391e-03
   4.73994423e-03   1.19766692e-06] , [ 0.13931114  0.06716636  0.00789404  0.00278569  0.02186733  0.76097545] , [  9.94810496e-01   7.59869307e-06   1.49679656e-03   7.21641830e-04
   8.45340294e-04   2.11812645e-03] , [  5.26427256e-03   6.27682139e-03   7.70031266e-03   9.65563530e-01
   1.51604431e-02   3.46208186e-05] , [  9.80241234e-01   6.63609945e-04   9.71230676e-04   2.84877460e-03
   1.52521639e-02   2.29869454e-05] , [  5.47006891e-05   6.74787901e-03   9.92473120e-01   5.14137994e-04
   2.10020903e-04   1.41627423e-07] , [ 0.0774086   0.00769706  0.01635014  0.00857374  0.88343578  0.00653467] , [  5.48988484e-01   4.46919854e-01   2.24904450e-04   3.63712541e-05
   3.82674494e-03   3.64143720e-06] , [  4.84434850e-03   2.47716499e-02   3.28507332e-03   9.62830807e-01
   4.05492471e-03   2.13196373e-04] , [  4.50063319e-04   1.05012195e-04   9.94502189e-01   4.65319725e-03
   1.13530733e-04   1.76007225e-04] , [  9.96113472e-01   1.22719210e-04   1.04791984e-03   3.66913765e-04
   1.47879269e-03   8.70182205e-04] , [  9.98694614e-01   3.07478895e-05   3.09707546e-04   5.54811287e-04
   3.64765649e-04   4.53535526e-05] , [  9.97594243e-01   1.59258286e-05   1.43994848e-04   5.58855684e-05
   2.18964897e-03   3.01871042e-07] , [  9.88799105e-01   6.75417788e-03   5.31197538e-04   8.15052841e-05
   8.39085862e-04   2.99492851e-03] , [  7.28167710e-04   4.68992937e-03   9.92441345e-01   3.89453324e-04
   1.74938398e-03   1.72063893e-06] , [  1.67948116e-03   1.30515112e-05   4.58540104e-01   5.21762863e-01
   1.77456673e-02   2.58833467e-04] , [  1.34721847e-02   1.67524735e-02   3.63391734e-03   9.45287408e-01
   2.06599057e-02   1.94110875e-04] , [  1.55642702e-04   2.89062868e-04   9.98973655e-01   4.08798922e-04
   1.43623340e-04   2.92176268e-05] , [  9.17109358e-01   2.88425245e-03   6.24724120e-04   5.64373982e-02
   2.29439178e-02   3.49086271e-07] , [  9.99412669e-01   1.03748773e-04   1.02914437e-04   1.37698481e-04
   2.42707538e-04   2.61880249e-07] , [ 0.00561516  0.76860005  0.00978709  0.19502654  0.00521754  0.01575362] , [  3.81317214e-04   4.08153339e-02   2.01992992e-03   2.35867056e-02
   5.25160530e-04   9.32671553e-01] , [  3.67213455e-03   1.51057464e-02   3.28749605e-03   1.42519489e-03
   9.75727975e-01   7.81453263e-04] , [  9.21814629e-01   7.35238602e-02   1.16014648e-03   1.85186532e-04
   2.71341989e-03   6.02758019e-04] , [ 0.00865258  0.03086124  0.01849679  0.89426357  0.04417537  0.00355046] , [  8.89947992e-01   4.03251495e-06   9.60933414e-04   1.00511980e-01
   8.49201958e-03   8.30421692e-05] , [  9.55026237e-01   6.99468395e-03   3.10871215e-04   2.39580055e-02
   1.37101640e-02   3.87374143e-08] , [  9.99197373e-01   2.46874046e-05   9.25576548e-05   9.00978664e-05
   5.95262717e-04   2.12904244e-08] , [  1.79449661e-03   1.01939104e-01   3.92576891e-03   8.89192845e-01
   2.31247414e-03   8.35310647e-04] , [  1.25911812e-03   7.73767482e-03   1.74585588e-03   5.32591543e-03
   9.83925380e-01   6.05560619e-06] , [  6.00320631e-01   3.92233587e-01   7.77035095e-04   8.90307285e-04
   5.74196934e-03   3.64708203e-05] , [  2.62119308e-05   9.68837792e-05   9.97056544e-01   9.65783045e-04
   1.85379093e-03   7.86382549e-07] , [ 0.02029873  0.43557276  0.00702394  0.52130336  0.0151497   0.00065151] , [  3.12880899e-02   5.22064537e-02   1.41948542e-03   2.56815663e-03
   9.12458652e-01   5.91627592e-05] , [  9.94887191e-01   1.76648303e-04   5.21144168e-04   3.17332324e-03
   1.24083651e-03   8.56942900e-07] , [  9.87568585e-01   4.83321096e-04   1.31209949e-03   9.07152852e-03
   1.24390355e-03   3.20562022e-04] , [  1.14281871e-03   1.13044197e-04   9.93062753e-01   7.41817205e-04
   3.61883860e-03   1.32072792e-03] , [  7.05266176e-04   9.42510795e-01   3.06306905e-03   4.99906102e-02
   3.21359879e-03   5.16660572e-04] , [  9.96804309e-01   1.33253651e-03   2.30331599e-04   7.56060730e-05
   1.55630174e-03   9.15016014e-07] , [  8.36651983e-04   3.55255290e-04   9.97675800e-01   3.57333260e-04
   4.30052968e-04   3.44906368e-04] , [  3.05338223e-02   5.58294763e-04   4.29716996e-03   1.64510258e-02
   9.48127825e-01   3.18617780e-05] , [  1.05286442e-03   3.72459477e-01   2.37261062e-03   5.38458720e-01
   8.56556819e-02   6.46313761e-07] , [  9.73596271e-01   4.70204891e-03   7.87605834e-04   1.78120960e-02
   3.09644451e-03   5.53405496e-06] , [  4.21646953e-04   9.87901167e-01   1.32562958e-03   8.07405197e-03
   1.91587418e-03   3.61629866e-04] , [  5.76455846e-03   9.57534689e-01   1.57293846e-03   3.41931555e-02
   8.79274726e-04   5.53841347e-05] , [  1.30561988e-03   1.24173964e-04   9.69099001e-01   1.57709957e-02
   1.36994385e-02   7.70807711e-07] , [  4.91121559e-04   9.65632984e-01   1.11563261e-03   2.99341446e-02
   2.81217116e-03   1.39461238e-05] , [  3.75780292e-04   6.10660921e-01   8.63015240e-04   3.85221728e-01
   2.86067880e-03   1.78764235e-05] , [ 0.01781693  0.00829607  0.0131911   0.00153628  0.89801019  0.06114943] , [  1.91503312e-03   2.92206636e-04   9.96443928e-01   5.93328687e-04
   4.64318371e-04   2.91185132e-04] , [  5.99003123e-04   8.58514791e-01   2.57882093e-03   1.36313869e-01
   9.99405451e-04   9.94110522e-04] , [  4.03681699e-04   2.65739901e-04   9.97103290e-01   9.97702803e-04
   1.22860044e-03   9.85335922e-07] , [  1.46000215e-02   3.92339511e-02   3.74410521e-03   8.82542693e-04
   9.41488008e-01   5.13714874e-05] , [  9.99246303e-01   2.37351814e-04   1.58061663e-04   2.13560582e-04
   1.13102561e-04   3.16199044e-05] , [  9.46916509e-03   9.48656511e-01   2.07745616e-03   1.62222830e-02
   2.31097735e-02   4.64811625e-04] , [  9.14456063e-01   5.70555566e-03   1.03898215e-03   7.88680101e-03
   7.09041708e-02   8.42727951e-06] , [  1.31940452e-04   1.96410303e-02   9.79576086e-01   6.11604385e-05
   5.82141953e-04   7.64072429e-06] , [ 0.00949964  0.0076652   0.02154202  0.94557863  0.01262972  0.00308479] , [  1.86158412e-03   2.07331187e-04   9.84832360e-01   9.46185133e-03
   3.44195673e-03   1.94916679e-04] , [  3.28825461e-04   2.10666122e-04   9.95422753e-01   3.86192950e-03
   1.75195100e-04   6.30823729e-07] , [  6.85867122e-03   9.86235605e-01   1.42179387e-03   4.53283534e-03
   5.38275560e-04   4.12819018e-04] , [  7.83645937e-03   9.64810505e-01   2.50751778e-03   2.39280334e-02
   6.42964099e-04   2.74520736e-04] , [  9.95933554e-01   6.48348700e-05   1.22141899e-03   2.40744151e-05
   1.96880230e-03   7.87315086e-04] , [  3.16098589e-03   1.08396483e-03   1.56344473e-03   4.36139458e-03
   9.89829687e-01   5.22532601e-07] , [  3.64482537e-03   2.71983364e-03   6.20521310e-04   1.71103826e-03
   9.91295744e-01   8.03760068e-06] , [  2.27694803e-03   9.96323312e-01   6.14811660e-04   1.11091596e-04
   6.30053182e-04   4.37830765e-05] , [  3.15958487e-02   7.27033421e-04   1.06313225e-03   3.09533684e-03
   9.63518486e-01   1.62662488e-07] , [ 0.00249227  0.90770746  0.00418187  0.07990453  0.00371385  0.00200003] , [ 0.00743591  0.01042021  0.01441894  0.00796042  0.93462443  0.02514009] , [  9.91716789e-01   4.77744516e-05   1.34205538e-03   5.27637096e-03
   1.55841630e-03   5.85938390e-05] , [  5.25829665e-03   4.16991500e-03   2.83610209e-03   2.00684065e-02
   9.67664825e-01   2.45500280e-06] , [ 0.98566366  0.00478193  0.00120665  0.00122243  0.00419128  0.00293406] , [ 0.01083243  0.09249147  0.00986517  0.01689436  0.86761687  0.0022997 ] , [  8.91897763e-03   7.96111768e-01   1.31147286e-03   1.89957895e-01
   3.68950697e-03   1.03794503e-05] , [  1.94880432e-04   1.29127161e-03   9.97096081e-01   7.73773205e-05
   1.57384791e-04   1.18300497e-03] , [  2.78923456e-02   9.33957036e-01   7.02007516e-03   2.20825707e-03
   2.84139136e-02   5.08372845e-04] , [  1.21775810e-02   9.09864103e-01   4.88828277e-03   5.63523302e-02
   1.65196834e-02   1.98019592e-04] , [  3.11405318e-04   1.83707265e-01   5.35781882e-04   8.10098238e-01
   5.34722077e-03   8.96634784e-08] , [  1.54369897e-04   4.13622532e-05   9.55738722e-01   4.39732129e-02
   9.22340007e-05   9.89295675e-08] , [  2.75093049e-02   6.15632529e-01   7.84469979e-03   2.77568858e-01
   7.13501221e-02   9.44869311e-05] , [  4.51127471e-04   9.56248445e-01   7.98379340e-04   2.63941268e-02
   1.61061173e-02   1.80384561e-06] , [  2.00680150e-03   4.66249794e-02   2.45982045e-03   9.30144764e-01
   1.87475774e-02   1.60577512e-05] , [ 0.00476968  0.02726231  0.00625318  0.05613293  0.00764298  0.89793893] , [  9.98431499e-01   9.13716381e-04   2.90387389e-04   8.71048614e-05
   2.08792503e-04   6.84994676e-05] , [  1.59588396e-03   1.97947835e-02   9.72359870e-01   5.20347853e-04
   1.70068147e-03   4.02843370e-03] , [  2.56386073e-04   8.33758910e-05   9.95287439e-01   4.30696732e-03
   5.48641197e-05   1.09671558e-05] , [  9.93862386e-01   2.59913670e-04   6.85307240e-04   7.09691623e-05
   2.82530621e-03   2.29611730e-03] , [  1.42680741e-03   9.81744047e-01   2.12294910e-03   1.08986036e-02
   3.66860778e-03   1.38985462e-04] , [  6.92706207e-04   1.70343016e-01   4.75785748e-03   8.21468941e-01
   7.31378295e-04   2.00610152e-03] , [  7.09547508e-04   6.51894768e-03   1.77975853e-03   1.17596052e-02
   3.37999784e-03   9.75852143e-01] , [  8.81527636e-04   7.29157573e-05   9.89541380e-01   4.20032599e-03
   5.30031677e-03   3.53398371e-06] , [  6.56055671e-05   1.68805970e-02   9.80564757e-01   1.50111877e-03
   2.13183852e-04   7.74738174e-04] , [  9.96368218e-01   1.47170857e-03   1.01854684e-04   7.78913127e-04
   1.27919080e-03   1.15059712e-07] , [  9.99904808e-01   2.26687138e-05   4.01459680e-05   7.57353679e-06
   1.57192280e-05   9.08475532e-06] , [  8.24675030e-04   9.43237021e-01   1.64403507e-03   4.16812779e-02
   1.25909087e-02   2.20818657e-05] , [ 0.01091196  0.00848989  0.00774586  0.00135119  0.97039283  0.00110827] , [  9.95764478e-01   7.90002452e-04   1.12251805e-03   1.44659024e-04
   2.16266710e-03   1.56752662e-05] , [ 0.00465069  0.20209595  0.0116728   0.77127326  0.00911516  0.00119215] , [ 0.00305493  0.03422835  0.00434156  0.01254287  0.00435296  0.94147933] , [  3.42868997e-02   5.28757921e-03   6.47977771e-03   1.39364723e-04
   9.47419539e-01   6.38684013e-03] , [  7.37363251e-01   2.52759322e-01   2.95088207e-03   1.99179905e-04
   5.86753865e-03   8.59827045e-04] , [  1.90031005e-03   6.81193387e-01   1.74615074e-03   2.97816250e-01
   1.73280369e-02   1.58655951e-05] , [  4.30459726e-02   1.99212659e-03   2.08623563e-03   1.85629973e-02
   9.34309017e-01   3.65101425e-06] , [ 0.04241719  0.10675017  0.01614341  0.79102905  0.0415033   0.00215687] , [  9.91279671e-01   4.35615584e-03   7.67950630e-05   3.38384435e-05
   4.25344572e-03   9.42648143e-08] , [  8.11992114e-03   1.25007786e-01   8.02118584e-04   8.61827557e-01
   4.24217289e-03   4.43961239e-07] , [  9.96958170e-01   4.15026148e-07   5.66088899e-05   1.67787222e-03
   1.30678661e-03   1.47017714e-07] , [  9.97860967e-01   8.90983486e-05   1.30361694e-04   1.55438191e-03
   3.64637464e-04   5.53575584e-07] , [  7.87168929e-04   1.44960390e-03   9.95872176e-01   1.05704373e-04
   1.78384745e-03   1.49984105e-06] , [  1.07613289e-02   3.94736165e-03   4.13174875e-03   2.89575650e-04
   9.74862340e-01   6.00764479e-03] , [  1.45643392e-04   2.21506559e-03   9.96716035e-01   3.40216775e-04
   2.12078999e-04   3.70959810e-04] , [ 0.0092785   0.66832493  0.00894613  0.21634142  0.00217301  0.09493602] , [  2.85649650e-03   8.32378311e-02   2.02564186e-03   9.04064281e-01
   7.80800564e-03   7.74434615e-06] , [  1.31206069e-03   1.83276360e-05   9.96325140e-01   9.79800613e-04
   1.48514455e-04   1.21615620e-03] , [  2.86313908e-02   2.24833530e-02   3.38633725e-03   1.86530645e-04
   9.45228188e-01   8.42005835e-05] , [  1.15331604e-03   7.47290686e-04   9.95334843e-01   8.73085226e-05
   2.67126683e-03   5.97447443e-06] , [ 0.00497988  0.14532854  0.00521294  0.81613328  0.01989421  0.00845116] , [  2.34124798e-02   4.39184439e-04   7.63121692e-03   1.56472805e-02
   4.54016675e-03   9.48329672e-01] , [ 0.05221186  0.82896396  0.01092786  0.00312216  0.01634459  0.08842958] , [  8.73639563e-04   6.41789369e-01   1.60101435e-03   3.52803022e-01
   2.92073172e-03   1.22230555e-05] , [  1.04226221e-04   2.48013152e-02   9.74704721e-01   4.97295847e-05
   5.31525736e-05   2.86855068e-04] , [  8.52673254e-01   7.46061955e-02   4.99841392e-04   1.76304391e-03
   7.04571690e-02   4.96625458e-07] , [  2.21459393e-04   4.43307973e-02   2.28299528e-03   7.25614239e-02
   2.52582073e-04   8.80350742e-01] , [  9.85244156e-01   8.43613090e-06   3.96292489e-04   5.88930676e-03
   8.45882548e-03   2.98312155e-06] , [  9.91103203e-01   6.41179919e-03   1.35856637e-04   8.79932424e-04
   1.46842136e-03   7.87284412e-07] , [  9.98704357e-01   2.24303915e-05   2.74962810e-04   1.13216651e-04
   4.64362085e-04   4.20671208e-04] , [  9.96670735e-01   8.22710269e-04   1.85862693e-04   1.09962550e-04
   2.18530096e-03   2.54283742e-05] , [  8.84657929e-03   6.65317198e-03   3.59469352e-03   2.79013986e-04
   9.48298399e-01   3.23281418e-02] , [  9.97126587e-01   1.05877144e-04   6.89490288e-04   4.32215512e-05
   1.82087885e-03   2.13945405e-04] , [ 0.00748439  0.0043415   0.00691629  0.00117655  0.97511539  0.00496589] , [ 0.00166418  0.04515114  0.00370487  0.00829236  0.01706821  0.92411925] , [  9.98768737e-01   1.55397322e-05   4.06580331e-04   5.54524778e-04
   1.85960692e-04   6.86579420e-05] , [  9.91717875e-01   1.05665596e-03   6.32785236e-04   1.18320999e-04
   1.79542958e-03   4.67893348e-03] , [ 0.01287801  0.00362965  0.00633703  0.03927203  0.92176273  0.01612055] , [  9.79742714e-01   4.65231506e-03   1.64307264e-03   6.41104567e-03
   7.53295518e-03   1.78970207e-05] , [  9.57325506e-01   3.56208857e-02   1.77224835e-03   3.88465049e-03
   1.34674532e-03   4.99644548e-05] , [  6.77993934e-01   3.17067722e-01   4.19809211e-04   2.67703960e-05
   4.00313182e-03   4.88633184e-04] , [  9.98750258e-01   6.20542921e-04   3.13929597e-05   1.61979241e-04
   4.35562551e-04   2.64026775e-07] , [  9.97098026e-01   4.92038677e-04   6.03841026e-04   2.95013340e-06
   1.59110717e-03   2.12036530e-04] , [ 0.0034231   0.97192218  0.00401226  0.00352562  0.00995671  0.00716013] , [  9.71216571e-01   6.36961855e-05   7.19145858e-04   1.26522025e-03
   2.58949050e-02   8.40461346e-04] ]
log_loss: 0.10972730904 

------------ 		SVC         ------------
Predict Proba:
 [ 0.06058586  0.05542421  0.00907768  0.020943    0.84731469  0.00665456] , [ 0.0473791   0.27406877  0.05725902  0.31661842  0.29505815  0.00961654] , [ 0.00448022  0.08787223  0.00806078  0.87195929  0.02212465  0.00550282] , [ 0.95269279  0.0105811   0.00718183  0.01040929  0.01546543  0.00366956] , [ 0.04876469  0.01811324  0.01859725  0.03166497  0.02019015  0.8626697 ] , [ 0.95822651  0.00920515  0.01181898  0.00572051  0.01201892  0.00300994] , [ 0.03107614  0.20970749  0.0261782   0.55894966  0.16606007  0.00802845] , [ 0.91451415  0.01990787  0.00612875  0.0122721   0.04341775  0.00375938] , [ 0.02923296  0.0181326   0.89909075  0.02462712  0.02287857  0.006038  ] , [ 0.34836878  0.0717724   0.02013892  0.0892414   0.45637356  0.01410495] , [ 0.59344749  0.22401963  0.01410532  0.0179681   0.14460177  0.00585769] , [ 0.00302553  0.02699805  0.00625733  0.95044106  0.00814674  0.00513129] , [ 0.0101442   0.01335479  0.95436633  0.00884625  0.0087565   0.00453193] , [ 0.97288233  0.00835686  0.0048487   0.0040392   0.00688886  0.00298406] , [ 0.92640644  0.02122796  0.01803138  0.01253466  0.01747574  0.00432381] , [ 0.95562789  0.01168904  0.00952276  0.0067132   0.01266509  0.00378201] , [ 0.96991225  0.01046059  0.00596812  0.00398525  0.0066995   0.0029743 ] , [ 0.0175343   0.02728832  0.92419684  0.00821628  0.01778215  0.00498212] , [ 0.18132964  0.13420809  0.45318079  0.10905976  0.11155114  0.01067059] , [ 0.00622554  0.07353834  0.00874599  0.82095013  0.08443411  0.00610588] , [ 0.00618467  0.0065658   0.97323771  0.00441187  0.0055543   0.00404565] , [ 0.72730232  0.0350071   0.04409358  0.10590762  0.0816442   0.00604519] , [ 0.9768796   0.00802063  0.00400243  0.00401166  0.00402691  0.00305877] , [ 0.02819755  0.07055883  0.01462963  0.84250785  0.02521885  0.01888729] , [ 0.14038931  0.21296854  0.04809301  0.32930751  0.06336273  0.2058789 ] , [ 0.04733914  0.19231625  0.0267906   0.07113863  0.65363708  0.00877829] , [ 0.59550712  0.16662482  0.0261717   0.12020956  0.08552022  0.00596658] , [ 0.01003882  0.05228866  0.01408418  0.89268735  0.02464288  0.00625811] , [ 0.90501129  0.01170892  0.00704414  0.03312193  0.03934373  0.00376999] , [ 0.85556253  0.01516835  0.01841158  0.03697697  0.0694428   0.00443777] , [ 0.97043992  0.00673175  0.00629025  0.00507734  0.00813888  0.00332186] , [ 0.00258302  0.05567499  0.00760454  0.91760117  0.01154241  0.00499388] , [ 0.00360536  0.0253383   0.00577498  0.01545589  0.94392544  0.00590002] , [ 0.28239531  0.42332213  0.01987032  0.06821767  0.19978621  0.00640837] , [ 0.0158128   0.02609436  0.92285577  0.01196703  0.01819629  0.00507375] , [ 0.00385966  0.15095364  0.00698729  0.78462868  0.04825171  0.00531903] , [ 0.01028124  0.08951264  0.00536101  0.00748706  0.88162015  0.0057379 ] , [ 0.95133946  0.01504309  0.00623984  0.01016732  0.0137893   0.003421  ] , [ 0.81007215  0.0493875   0.02916027  0.06117077  0.04504423  0.00516507] , [ 0.00920501  0.01332132  0.95668685  0.00717249  0.00950576  0.00410857] , [ 0.00337338  0.87560082  0.00720832  0.09159829  0.01702026  0.00519893] , [ 0.97694541  0.00947104  0.00301737  0.00199492  0.00578171  0.00278955] , [ 0.00337283  0.00366064  0.98395197  0.00236342  0.00313977  0.00351136] , [ 0.002021    0.00270238  0.00308236  0.00291676  0.98372663  0.00555087] , [ 0.01766387  0.01881265  0.02084564  0.86578054  0.07072465  0.00617265] , [ 0.66505227  0.14214752  0.0144619   0.04480188  0.12844486  0.00509157] , [ 0.00348308  0.97388917  0.00493681  0.00847181  0.00429214  0.00492699] , [ 0.00620375  0.91476656  0.00614471  0.04569694  0.02223648  0.00495156] , [ 0.07066366  0.03173185  0.79711912  0.04566036  0.04714355  0.00768147] , [ 0.00969779  0.78291714  0.01681165  0.13007326  0.05495721  0.00554295] , [ 0.00339615  0.07428883  0.0094557   0.89167259  0.01574994  0.00543679] , [ 0.58269949  0.0610369   0.07262298  0.09348466  0.07842356  0.11173241] , [ 0.00364665  0.00512493  0.98030717  0.00338526  0.0041512   0.00338478] , [ 0.00470696  0.94592822  0.00783358  0.02577528  0.01053735  0.00521862] , [ 0.00470603  0.00623736  0.97754346  0.00297104  0.00482286  0.00371924] , [ 0.01506198  0.03920485  0.00857788  0.01731638  0.91311273  0.00672617] , [ 0.95701174  0.01224333  0.01020733  0.0066896   0.00980233  0.00404567] , [ 0.03494909  0.71604884  0.01188427  0.15931829  0.07159978  0.00619973] , [ 0.61494466  0.04773208  0.00929482  0.02399564  0.29908284  0.00494996] , [ 0.01479762  0.0169824   0.94114731  0.00790349  0.01373061  0.00543857] , [ 0.01112191  0.04676829  0.01949512  0.88993168  0.0266263   0.00605671] , [ 0.02326525  0.0303798   0.87649582  0.03316698  0.03110141  0.00559074] , [ 0.01560672  0.02841401  0.92832493  0.01214536  0.01070143  0.00480755] , [ 0.01977134  0.90508593  0.01071431  0.03695251  0.02161616  0.00585976] , [ 0.01317056  0.73008358  0.01098488  0.22133802  0.01832805  0.0060949 ] , [ 0.9675798   0.00866844  0.00725381  0.00380862  0.00910899  0.00358034] , [ 0.02476898  0.04014837  0.01217259  0.03521463  0.88088236  0.00681307] , [ 0.01609803  0.04008247  0.00778479  0.0091721   0.92104171  0.0058209 ] , [ 0.03776772  0.86507911  0.01908084  0.01963363  0.05168164  0.00675707] , [ 0.04641691  0.01593261  0.01860044  0.05495171  0.85600058  0.00809776] , [ 0.00410234  0.68906643  0.00690828  0.28164245  0.0130407   0.0052398 ] , [ 0.04823154  0.10445457  0.01352466  0.10274004  0.7197004   0.01134879] , [ 0.91195921  0.02101132  0.01148195  0.02243394  0.02883002  0.00428356] , [ 0.01232165  0.04382611  0.009526    0.01434226  0.9139336   0.00605039] , [ 0.8818983   0.05126239  0.0122052   0.02933157  0.02090396  0.00439858] , [ 0.01428547  0.14205342  0.02449672  0.21401674  0.59835965  0.00678801] , [ 0.02712307  0.82755308  0.01161907  0.08662139  0.04199636  0.00508704] , [ 0.01576977  0.0193402   0.93892533  0.00780594  0.01307593  0.00508283] , [ 0.02163161  0.70799323  0.0209314   0.05857629  0.18419737  0.00667009] , [ 0.00424241  0.42563361  0.00571739  0.51519578  0.04422937  0.00498144] , [ 0.2068063   0.35546599  0.04799431  0.03218179  0.34762824  0.00992337] , [ 0.10817019  0.0832986   0.66892236  0.0729249   0.05727308  0.00941086] , [ 0.02055941  0.44415204  0.01304436  0.19980326  0.31625276  0.00618817] , [ 0.00863573  0.93303477  0.00696369  0.03253948  0.01396493  0.0048614 ] , [ 0.00586092  0.0846529   0.01133597  0.84581307  0.04671853  0.00561862] , [ 0.0403067   0.0257003   0.02479559  0.05211642  0.02574892  0.83133206] , [ 0.97166878  0.00840145  0.00452243  0.00510232  0.00723166  0.00307337] , [ 0.02704624  0.14134065  0.75622192  0.04492117  0.02460647  0.00586356] , [ 0.00620847  0.00682555  0.97172893  0.00518857  0.00612417  0.00392431] , [ 0.96592041  0.00847088  0.00560273  0.00309081  0.01425882  0.00265635] , [ 0.00308071  0.96751181  0.00400111  0.01249153  0.00837888  0.00453596] , [ 0.01009971  0.4952292   0.02527458  0.44842955  0.01418707  0.00677989] , [ 0.01847701  0.01614414  0.01506717  0.02239059  0.0160815   0.91183959] , [ 0.00542952  0.00748338  0.96912582  0.00501021  0.00928582  0.00366524] , [ 0.00995266  0.02637348  0.93536685  0.01410319  0.00957966  0.00462416] , [ 0.96319271  0.00653298  0.00561578  0.01332726  0.00843001  0.00290126] , [ 0.96748226  0.00806256  0.00949325  0.0046477   0.00654548  0.00376875] , [ 0.00780578  0.59864306  0.01423624  0.30910308  0.06396948  0.00624236] , [ 0.05035301  0.19581839  0.02463361  0.0513056   0.67024325  0.00764615] , [ 0.96579578  0.00848833  0.0045268   0.00638474  0.01182264  0.00298171] , [ 0.00302721  0.03195818  0.01018452  0.93378491  0.01588458  0.00516059] , [ 0.00540401  0.0055142   0.00499563  0.01046598  0.00580346  0.96781671] , [ 0.04328525  0.04371383  0.00842277  0.01250644  0.88598429  0.00608743] , [ 0.74472162  0.1320288   0.01723174  0.04193826  0.0588874   0.00519217] , [ 0.01130375  0.16566308  0.01858918  0.74687963  0.05131139  0.00625297] , [ 0.05308434  0.03729624  0.00928321  0.01230896  0.88152169  0.00650556] , [ 0.0062084   0.02901624  0.01081886  0.93340716  0.01506244  0.00548691] , [ 0.92028948  0.01720298  0.01878388  0.01487895  0.02458645  0.00425826] , [ 0.02595784  0.01483187  0.01779859  0.91391524  0.02140039  0.00609607] , [ 0.95698213  0.01268043  0.00965142  0.0076652   0.00925062  0.0037702 ] , [ 0.96785508  0.00962939  0.00631884  0.0054967   0.00716202  0.00353797] , [ 0.01238761  0.01537431  0.95187651  0.00520078  0.01052506  0.00463573] , [ 0.04248963  0.02542457  0.01123222  0.0118559   0.89990646  0.00909123] , [ 0.01828039  0.01825983  0.93205023  0.01214843  0.01375269  0.00550843] , [ 0.23125352  0.06212263  0.04443243  0.2761486   0.04549295  0.34054986] , [ 0.01487318  0.55985131  0.01510313  0.35082433  0.05414307  0.00520499] , [ 0.03783837  0.02624611  0.89268228  0.01424699  0.02236427  0.00662198] , [ 0.00678859  0.00807562  0.00539822  0.00519475  0.96791218  0.00663064] , [ 0.00633136  0.00791136  0.9689688   0.00501296  0.00777711  0.0039984 ] , [ 0.01022701  0.13671518  0.01243886  0.81933571  0.01517028  0.00611296] , [ 0.05927122  0.0423203   0.04330694  0.04304965  0.04288839  0.76916351] , [ 0.33979217  0.06448682  0.06299731  0.18743831  0.06391595  0.28136943] , [ 0.01143898  0.85883589  0.01171147  0.08019571  0.0327202   0.00509775] , [ 0.01259782  0.02246182  0.94044243  0.00992171  0.00989224  0.00468398] , [ 0.8476491   0.072376    0.01154651  0.04078257  0.02352973  0.00411608] , [ 0.06538327  0.04355932  0.04376782  0.06165469  0.04345624  0.74217865] , [ 0.97147606  0.00601941  0.00433286  0.00516592  0.00980696  0.00319878] , [ 0.8724813   0.03842008  0.02346138  0.03254367  0.02786458  0.00522898] , [ 0.9554868   0.01125639  0.0072709   0.00891046  0.01364159  0.00343386] , [ 0.96577592  0.00992053  0.005239    0.00439639  0.01145267  0.00321549] , [ 0.15138449  0.04839824  0.02097172  0.03721451  0.72161936  0.02041169] , [ 0.96066564  0.01132501  0.00725461  0.00565435  0.0116314   0.00346899] , [ 0.04701406  0.063599    0.01123068  0.02764453  0.84219509  0.00831663] , [ 0.064293    0.54548712  0.03118338  0.28833198  0.06049843  0.01020608] , [ 0.95993775  0.01108076  0.00627994  0.00897398  0.0103965   0.00333107] , [ 0.97506935  0.00942673  0.00460942  0.00252805  0.00588705  0.0024794 ] , [ 0.06623247  0.12971923  0.03917655  0.37071644  0.38503091  0.00912439] , [ 0.85058142  0.02833644  0.01013564  0.04755644  0.05867998  0.00471007] , [ 0.82024046  0.06217838  0.02202354  0.04515364  0.04563227  0.00477171] , [ 0.74063727  0.09568296  0.0233145   0.04689544  0.08764369  0.00582613] , [ 0.94743451  0.01368579  0.01250074  0.01086723  0.01153443  0.00397731] , [ 0.94296219  0.01594116  0.01138561  0.00711738  0.01866153  0.00393213] , [ 0.006783    0.92372523  0.00598087  0.03731468  0.02167614  0.00452007] , [ 0.89946413  0.01926367  0.01340219  0.0204803   0.0430991   0.00429062] ]
log_loss: 0.408588426951 

------------ LogisticRegression ------------
Predict Proba:
 [ 0.  0.  0.  0.  1.  0.] , [ 0.  0.  0.  1.  0.  0.] , [ 0.   0.3  0.   0.7  0.   0. ] , [ 1.  0.  0.  0.  0.  0.] , [ 0.5  0.3  0.   0.   0.   0.2] , [ 1.  0.  0.  0.  0.  0.] , [ 0.  0.  0.  1.  0.  0.] , [ 1.  0.  0.  0.  0.  0.] , [ 0.  0.  1.  0.  0.  0.] , [ 0.  0.  0.  0.  1.  0.] , [ 1.  0.  0.  0.  0.  0.] , [ 0.   0.1  0.   0.9  0.   0. ] , [ 0.  0.  1.  0.  0.  0.] , [ 1.  0.  0.  0.  0.  0.] , [ 0.9  0.   0.   0.   0.   0.1] , [ 0.8  0.   0.   0.   0.   0.2] , [ 1.  0.  0.  0.  0.  0.] , [ 0.  0.  1.  0.  0.  0.] , [ 0.   0.   0.3  0.3  0.4  0. ] , [ 0.   0.1  0.   0.8  0.1  0. ] , [ 0.  0.  1.  0.  0.  0.] , [ 0.9  0.1  0.   0.   0.   0. ] , [ 1.  0.  0.  0.  0.  0.] , [ 0.   0.9  0.   0.1  0.   0. ] , [ 0.   0.3  0.   0.1  0.   0.6] , [ 0.   0.3  0.   0.   0.7  0. ] , [ 0.8  0.2  0.   0.   0.   0. ] , [ 0.   0.1  0.   0.8  0.1  0. ] , [ 1.  0.  0.  0.  0.  0.] , [ 0.8  0.   0.1  0.   0.1  0. ] , [ 1.  0.  0.  0.  0.  0.] , [ 0.   0.1  0.1  0.8  0.   0. ] , [ 0.   0.1  0.   0.   0.9  0. ] , [ 0.8  0.1  0.   0.   0.1  0. ] , [ 0.   0.   0.9  0.   0.1  0. ] , [ 0.   0.6  0.   0.4  0.   0. ] , [ 0.2  0.3  0.   0.   0.5  0. ] , [ 1.  0.  0.  0.  0.  0.] , [ 0.9  0.   0.1  0.   0.   0. ] , [ 0.  0.  1.  0.  0.  0.] , [ 0.  1.  0.  0.  0.  0.] , [ 1.  0.  0.  0.  0.  0.] , [ 0.  0.  1.  0.  0.  0.] , [ 0.  0.  0.  0.  1.  0.] , [ 0.   0.5  0.   0.3  0.2  0. ] , [ 0.8  0.1  0.   0.1  0.   0. ] , [ 0.   0.9  0.   0.   0.1  0. ] , [ 0.   0.9  0.   0.1  0.   0. ] , [ 0.  0.  1.  0.  0.  0.] , [ 0.  1.  0.  0.  0.  0.] , [ 0.   0.6  0.   0.4  0.   0. ] , [ 0.   0.   0.   0.   0.9  0.1] , [ 0.  0.  1.  0.  0.  0.] , [ 0.   0.7  0.   0.3  0.   0. ] , [ 0.  0.  1.  0.  0.  0.] , [ 0.   0.2  0.   0.   0.8  0. ] , [ 1.  0.  0.  0.  0.  0.] , [ 0.   0.6  0.   0.2  0.2  0. ] , [ 1.  0.  0.  0.  0.  0.] , [ 0.   0.   0.9  0.   0.1  0. ] , [ 0.   0.1  0.   0.9  0.   0. ] , [ 0.   0.   0.9  0.1  0.   0. ] , [ 0.  0.  1.  0.  0.  0.] , [ 0.  1.  0.  0.  0.  0.] , [ 0.   0.7  0.   0.2  0.1  0. ] , [ 1.  0.  0.  0.  0.  0.] , [ 0.  0.  0.  0.  1.  0.] , [ 0.  0.  0.  0.  1.  0.] , [ 0.   0.8  0.   0.   0.1  0.1] , [ 0.  0.  0.  0.  1.  0.] , [ 0.   0.9  0.   0.1  0.   0. ] , [ 0.  0.  0.  0.  1.  0.] , [ 1.  0.  0.  0.  0.  0.] , [ 0.  0.  0.  0.  1.  0.] , [ 0.9  0.   0.   0.   0.1  0. ] , [ 0.   0.   0.   0.1  0.9  0. ] , [ 0.1  0.6  0.   0.3  0.   0. ] , [ 0.  0.  1.  0.  0.  0.] , [ 0.1  0.8  0.   0.   0.1  0. ] , [ 0.   0.8  0.   0.2  0.   0. ] , [ 0.   0.3  0.1  0.6  0.   0. ] , [ 0.   0.1  0.6  0.3  0.   0. ] , [ 0.   0.5  0.   0.4  0.1  0. ] , [ 0.   0.8  0.   0.2  0.   0. ] , [ 0.   0.   0.   0.9  0.1  0. ] , [ 0.   0.2  0.   0.1  0.1  0.6] , [ 1.  0.  0.  0.  0.  0.] , [ 0.  0.  1.  0.  0.  0.] , [ 0.  0.  1.  0.  0.  0.] , [ 1.  0.  0.  0.  0.  0.] , [ 0.   0.9  0.   0.   0.1  0. ] , [ 0.   0.3  0.1  0.6  0.   0. ] , [ 0.   0.   0.   0.   0.1  0.9] , [ 0.  0.  1.  0.  0.  0.] , [ 0.  0.  1.  0.  0.  0.] , [ 0.8  0.   0.   0.   0.2  0. ] , [ 1.  0.  0.  0.  0.  0.] , [ 0.   0.8  0.   0.2  0.   0. ] , [ 0.   0.1  0.   0.   0.9  0. ] , [ 1.  0.  0.  0.  0.  0.] , [ 0.   0.3  0.   0.7  0.   0. ] , [ 0.  0.  0.  0.  0.  1.] , [ 0.  0.  0.  0.  1.  0.] , [ 0.9  0.   0.   0.1  0.   0. ] , [ 0.   0.6  0.   0.3  0.1  0. ] , [ 0.1  0.1  0.   0.   0.8  0. ] , [ 0.1  0.   0.   0.9  0.   0. ] , [ 0.9  0.   0.   0.   0.1  0. ] , [ 0.   0.1  0.   0.9  0.   0. ] , [ 1.  0.  0.  0.  0.  0.] , [ 1.  0.  0.  0.  0.  0.] , [ 0.  0.  1.  0.  0.  0.] , [ 0.   0.2  0.   0.   0.8  0. ] , [ 0.  0.  1.  0.  0.  0.] , [ 0.   0.8  0.   0.   0.   0.2] , [ 0.  0.  0.  1.  0.  0.] , [ 0.   0.   0.9  0.1  0.   0. ] , [ 0.1  0.   0.   0.   0.9  0. ] , [ 0.  0.  1.  0.  0.  0.] , [ 0.   0.8  0.   0.2  0.   0. ] , [ 0.4  0.   0.   0.   0.   0.6] , [ 0.1  0.6  0.   0.   0.1  0.2] , [ 0.   0.5  0.   0.5  0.   0. ] , [ 0.  0.  1.  0.  0.  0.] , [ 0.5  0.4  0.   0.   0.1  0. ] , [ 0.   0.   0.   0.2  0.   0.8] , [ 1.  0.  0.  0.  0.  0.] , [ 0.7  0.1  0.   0.1  0.1  0. ] , [ 1.  0.  0.  0.  0.  0.] , [ 1.  0.  0.  0.  0.  0.] , [ 0.   0.1  0.   0.   0.9  0. ] , [ 1.  0.  0.  0.  0.  0.] , [ 0.  0.  0.  0.  1.  0.] , [ 0.   0.2  0.   0.   0.1  0.7] , [ 1.  0.  0.  0.  0.  0.] , [ 1.  0.  0.  0.  0.  0.] , [ 0.1  0.2  0.   0.   0.7  0. ] , [ 0.9  0.   0.   0.1  0.   0. ] , [ 1.  0.  0.  0.  0.  0.] , [ 0.7  0.1  0.   0.1  0.1  0. ] , [ 1.  0.  0.  0.  0.  0.] , [ 1.  0.  0.  0.  0.  0.] , [ 0.   0.9  0.   0.   0.1  0. ] , [ 1.  0.  0.  0.  0.  0.] ]
log_loss: 0.162226375916 

