------------ LogisticRegression ------------
Predict Proba:
 [ 0.44460207  0.39510272  0.11619306  0.00863467  0.0265853   0.00888218] , [ 0.41166723  0.42585021  0.12509698  0.01035898  0.0207973   0.00622929] , [ 0.48618937  0.37411272  0.1133178   0.00525651  0.01491759  0.00620601] , [ 0.48700108  0.3868833   0.09740563  0.00842583  0.01339245  0.00689171] , [ 0.23695296  0.6041113   0.09229903  0.04769083  0.00803167  0.0109142 ] , [ 0.41727207  0.44725519  0.09055083  0.01216355  0.01857661  0.01418175] , [ 0.55030357  0.35464187  0.06720908  0.012747    0.00989592  0.00520256] , [ 0.61517664  0.30171644  0.03947008  0.01961055  0.01676695  0.00725935] , [ 0.32334025  0.51724527  0.11432215  0.01709468  0.0155479   0.01244976] , [ 0.43427156  0.43180972  0.10027328  0.01175907  0.01443838  0.00744799] , [  5.24920070e-04   1.09168525e-01   7.08775699e-03   1.37324653e-01
   9.23931106e-02   6.53501034e-01] , [ 0.4585746   0.3965116   0.10355603  0.01018803  0.0224154   0.00875433] , [ 0.64754822  0.22523709  0.09027889  0.00205061  0.02812167  0.00676352] , [ 0.50319607  0.38566875  0.08376802  0.01273084  0.01009299  0.00454332] , [ 0.03977904  0.02954414  0.052116    0.00218235  0.0904671   0.78591136] , [ 0.12442048  0.22530337  0.05654814  0.03787831  0.00369135  0.55215834] , [ 0.00269751  0.01952516  0.00514188  0.02404287  0.08840824  0.86018433] , [ 0.34436366  0.39972555  0.17961255  0.00307981  0.05392498  0.01929345] , [ 0.40641429  0.47058583  0.08603818  0.02244956  0.009021    0.00549113] , [ 0.00154943  0.00429416  0.00144669  0.08768812  0.00306588  0.90195572] , [ 0.34875147  0.49434154  0.11061388  0.01385653  0.0180905   0.01434607] , [ 0.07481235  0.5750806   0.04291171  0.25959201  0.02270176  0.02490158] , [ 0.07655186  0.27527324  0.04741845  0.05418639  0.07167818  0.47489188] , [ 0.34404774  0.51182129  0.07680351  0.02397585  0.02663455  0.01671706] , [ 0.0399316   0.37731835  0.01686008  0.32449275  0.11976248  0.12163474] , [ 0.17356895  0.43770874  0.22007359  0.00169238  0.10638707  0.06056927] , [ 0.5858726   0.29976576  0.09360188  0.00560027  0.01378698  0.00137251] , [ 0.35688422  0.51580984  0.08539675  0.02670379  0.00771703  0.00748837] , [ 0.00194885  0.02409817  0.00492715  0.04171586  0.06522761  0.86208236] , [ 0.60143717  0.239854    0.12913507  0.00154474  0.02641497  0.00161406] , [ 0.57812021  0.30407379  0.09485609  0.00587414  0.01540239  0.00167337] , [ 0.65920166  0.21343587  0.08852467  0.00137556  0.03278405  0.00467818] , [  6.32432088e-03   4.39668468e-03   3.62783020e-03   1.89293597e-05
   4.79924684e-01   5.05707551e-01] , [ 0.3993551   0.38174635  0.14152789  0.00963341  0.06308294  0.00465431] , [ 0.39016027  0.47901654  0.09139557  0.01880616  0.01111658  0.00950488] , [ 0.20772142  0.23136273  0.00628938  0.53375461  0.01881828  0.00205358] , [  5.54961057e-04   1.20671505e-01   6.26374856e-03   1.80923482e-01
   7.11814163e-02   6.20404887e-01] , [ 0.0177925   0.32929691  0.02015504  0.35460027  0.17457426  0.10358101] , [ 0.35492409  0.4933241   0.1068941   0.01389156  0.01640818  0.01455797] , [ 0.3181323   0.54629038  0.0956369   0.0188408   0.01082135  0.01027828] , [ 0.39989337  0.46080644  0.09860426  0.01360709  0.01557352  0.01151531] , [ 0.34299469  0.52340062  0.08904377  0.02481812  0.00984603  0.00989677] , [ 0.52567437  0.37767929  0.06427653  0.01822617  0.00897107  0.00517258] , [ 0.01167745  0.34001582  0.0065708   0.62823398  0.00726527  0.00623668] , [ 0.12126119  0.50394198  0.09730042  0.02282207  0.16068809  0.09398624] , [ 0.5675448   0.33248294  0.08018623  0.00680372  0.00918831  0.003794  ] , [ 0.47349291  0.38226676  0.11912623  0.00579605  0.01404849  0.00526956] , [ 0.47236496  0.39392345  0.10752868  0.00843052  0.01256971  0.00518268] , [ 0.12804363  0.56672936  0.08533354  0.08901673  0.05431102  0.07656572] , [ 0.52280172  0.27046406  0.15811963  0.00112998  0.04325685  0.00422775] , [ 0.52282114  0.37838451  0.06932368  0.01449081  0.00925692  0.00572294] , [ 0.58456942  0.29971551  0.09482242  0.00554265  0.01397931  0.00137068] , [ 0.08805592  0.44489202  0.05388608  0.10827505  0.21142476  0.09346616] , [ 0.39588355  0.46221089  0.08989429  0.01485609  0.02128097  0.01587421] , [ 0.53017675  0.3415429   0.09823992  0.00475007  0.01675393  0.00853643] , [ 0.50923539  0.38720684  0.07707012  0.01491051  0.00771832  0.00385881] , [  6.28134004e-04   9.35257965e-02   7.60643284e-03   4.76359900e-02
   1.47822284e-01   7.02781363e-01] , [ 0.52916612  0.33671411  0.11253255  0.00398771  0.01292117  0.00467834] , [ 0.17993594  0.50440614  0.1121874   0.01951275  0.13284495  0.05111282] , [ 0.38024732  0.48451535  0.10036233  0.02120681  0.00885914  0.00480905] , [ 0.51023698  0.32223864  0.12781081  0.00364606  0.03202492  0.0040426 ] , [ 0.49120106  0.39459416  0.07858608  0.01391911  0.01411899  0.00758061] , [ 0.50944939  0.37028255  0.08800954  0.0075391   0.01533808  0.00938133] , [ 0.14049856  0.11465005  0.01038057  0.0346675   0.39515317  0.30465015] , [ 0.00232397  0.02564274  0.00448499  0.05096611  0.05639335  0.86018885] , [ 0.47830789  0.40710315  0.08479751  0.01706797  0.00887062  0.00385286] , [ 0.56296143  0.24777279  0.13721913  0.00352327  0.04751887  0.00100452] , [ 0.26691246  0.55322063  0.1240447   0.01706866  0.02043774  0.0183158 ] , [  3.53949652e-04   1.76825040e-01   7.05675114e-03   1.68532130e-01
   8.41450785e-02   5.63087051e-01] , [ 0.54188222  0.3424761   0.08499312  0.00647686  0.01568248  0.00848922] , [ 0.41708356  0.39729554  0.12670847  0.00439033  0.03410045  0.02042166] , [ 0.49407639  0.38532951  0.08641444  0.0114166   0.01612384  0.00663922] , [ 0.4442044   0.42468707  0.09171451  0.01417733  0.01641333  0.00880336] , [ 0.61719624  0.22389296  0.12767145  0.00145843  0.02888415  0.00089677] , [ 0.49032345  0.39985409  0.085243    0.01321728  0.0079998   0.00336237] , [ 0.21879917  0.22873589  0.00585243  0.53080445  0.01448083  0.00132723] , [ 0.45581378  0.40245092  0.10030602  0.00996282  0.02182374  0.00964271] , [ 0.5021353   0.39971524  0.06693797  0.02033539  0.00671032  0.00416578] , [ 0.36342965  0.4932697   0.05977063  0.05274851  0.01375594  0.01702556] , [ 0.00287028  0.02553159  0.00396295  0.05964019  0.0481639   0.8598311 ] , [ 0.35416829  0.48298546  0.12121468  0.01173232  0.01753525  0.012364  ] , [ 0.50557234  0.39467083  0.06879316  0.01787618  0.00864397  0.00444352] , [  1.31333488e-05   1.95002583e-01   2.07365314e-03   5.75314072e-01
   1.63506091e-04   2.27433052e-01] , [ 0.52298052  0.38635126  0.04506305  0.03661813  0.0053406   0.00364643] , [  1.81291993e-02   5.14362590e-02   3.12934891e-03   8.55970729e-01
   1.02989591e-04   7.12314743e-02] , [ 0.31776803  0.5350816   0.10172702  0.02676889  0.01099873  0.00765572] ]
log_loss: 0.993040107169 

------------ 		SVC         ------------
Predict Proba:
 [ 0.54433358  0.25228211  0.1632123   0.00950248  0.01923488  0.01143465] , [ 0.52890117  0.25407133  0.17781152  0.01010926  0.0172578   0.01184891] , [ 0.30791731  0.56103347  0.09665714  0.00790572  0.01534806  0.01113831] , [ 0.32126697  0.55183676  0.09357616  0.00800028  0.01483073  0.0104891 ] , [ 0.09006028  0.76568289  0.08960164  0.01454673  0.02180525  0.01830321] , [ 0.25383782  0.61551192  0.07720682  0.0107366   0.02842548  0.01428137] , [ 0.70147799  0.19564216  0.07047663  0.0093157   0.01377225  0.00931528] , [ 0.79195145  0.05305521  0.04721233  0.03723269  0.0483108   0.02223753] , [ 0.14477511  0.70912354  0.1013987   0.00999448  0.02029643  0.01441174] , [ 0.42538065  0.43669558  0.10541991  0.00774606  0.01562844  0.00912936] , [ 0.00699478  0.02730628  0.00959728  0.06585064  0.04752761  0.84272342] , [ 0.58424724  0.24269727  0.13661552  0.00886218  0.01802927  0.00954851] , [ 0.78366413  0.08663374  0.10143459  0.00607601  0.01538199  0.00680954] , [ 0.59793876  0.27327003  0.09937284  0.0087732   0.01214874  0.00849642] , [ 0.04297055  0.20201836  0.03950877  0.10036809  0.10340254  0.51173169] , [ 0.02714571  0.35727249  0.03456209  0.1394834   0.0597552   0.38178112] , [ 0.00953814  0.03894511  0.01135232  0.05370005  0.05721578  0.8292486 ] , [ 0.2672232   0.48368277  0.16647188  0.01477444  0.03833481  0.0295129 ] , [ 0.43943392  0.42011655  0.10581117  0.01023432  0.01447538  0.00992866] , [ 0.02573709  0.15588253  0.02568131  0.20284842  0.06932347  0.52052718] , [ 0.16048086  0.6974437   0.09645692  0.00958649  0.02196472  0.01406731] , [ 0.14644509  0.26585041  0.04680885  0.35535941  0.12791673  0.05761952] , [ 0.09393237  0.27516143  0.04170813  0.04538013  0.40282588  0.14099206] , [ 0.62536147  0.19122987  0.10280149  0.01929549  0.04680756  0.01450412] , [ 0.01222664  0.06640825  0.01122854  0.75545845  0.10744716  0.04723096] , [ 0.08565535  0.61162166  0.10667213  0.03655002  0.06486997  0.09463086] , [ 0.78975203  0.05391357  0.1170433   0.01305195  0.01672541  0.00951375] , [ 0.17628973  0.69787793  0.08090203  0.01202359  0.01848859  0.01441813] , [ 0.00852548  0.03362685  0.01078735  0.05375538  0.04209139  0.85121355] , [ 0.75274895  0.05526946  0.15439228  0.00999888  0.01621897  0.01137146] , [ 0.77154129  0.060202    0.12739668  0.01332363  0.01772671  0.00980969] , [ 0.82490038  0.06157167  0.08389554  0.00623638  0.01646891  0.00692712] , [ 0.04011495  0.24681097  0.03562643  0.22806467  0.15620415  0.29317883] , [ 0.32080142  0.2139096   0.14779411  0.08642394  0.14426286  0.08680807] , [ 0.17723829  0.69634433  0.08386435  0.0104113   0.01868884  0.0134529 ] , [ 0.04310804  0.4930125   0.04065206  0.21192771  0.07810774  0.13319195] , [ 0.00783961  0.0271917   0.01006374  0.08545244  0.04975207  0.81970044] , [ 0.01669019  0.39238837  0.01921822  0.44540868  0.08899602  0.03729852] , [ 0.11763825  0.75128068  0.08130987  0.01058974  0.02357682  0.01560464] , [ 0.14766636  0.72250499  0.08398337  0.01106879  0.02052325  0.01425324] , [ 0.21662465  0.65261469  0.08831549  0.00930451  0.02061178  0.01252888] , [ 0.15914615  0.71292761  0.08177169  0.01148746  0.02022667  0.01444042] , [ 0.70262549  0.1866842   0.07617251  0.0107636   0.01397813  0.00977607] , [ 0.02295335  0.2654032   0.02449542  0.55017877  0.04798141  0.08898785] , [ 0.18332458  0.27324771  0.07690631  0.03426217  0.38903202  0.04322722] , [ 0.60464685  0.29286151  0.07360862  0.00812592  0.01171033  0.00904677] , [ 0.31541505  0.54325073  0.10761899  0.00811235  0.01434192  0.01126096] , [ 0.39263191  0.46505802  0.111934    0.00771393  0.01294096  0.00972118] , [ 0.21610724  0.37965561  0.08758981  0.07470398  0.18473741  0.05720595] , [ 0.62536294  0.13203245  0.18595943  0.01314834  0.02164751  0.02184934] , [ 0.58178015  0.31004711  0.07296055  0.00992962  0.01490069  0.01038189] , [ 0.78029669  0.05672478  0.12283665  0.01347676  0.01676783  0.0098973 ] , [ 0.02879302  0.41489587  0.02199894  0.24797196  0.25064236  0.03569784] , [ 0.33130536  0.53069704  0.08817065  0.00973573  0.02781725  0.01227397] , [ 0.30315126  0.58113637  0.07472164  0.008755    0.01976353  0.0124722 ] , [ 0.62121068  0.26372249  0.08442915  0.00945622  0.01201913  0.00916232] , [ 0.00786293  0.0310414   0.01037387  0.05111535  0.05513322  0.84447323] , [ 0.30631436  0.56961094  0.08937189  0.00848156  0.01421358  0.01200767] , [ 0.27638588  0.24583775  0.11186478  0.03893152  0.2862362   0.04074386] , [ 0.37428873  0.47344821  0.11849526  0.00984454  0.0137429   0.01018036] , [ 0.69647359  0.0912282   0.17377203  0.00890111  0.02003692  0.00958816] , [ 0.62568781  0.25165112  0.0890647   0.00878037  0.01613151  0.00868449] , [ 0.32196058  0.56327963  0.07393826  0.00887909  0.01997359  0.01196885] , [ 0.02208512  0.12490515  0.0174269   0.3798215   0.38228412  0.07347721] , [ 0.00917516  0.03249468  0.01083505  0.05861043  0.04351107  0.84537361] , [ 0.62057223  0.23513441  0.11225615  0.01046623  0.01240434  0.00916665] , [ 0.19304154  0.28475939  0.11343306  0.13344164  0.12808847  0.14723589] , [ 0.10147333  0.74021337  0.1048129   0.01114003  0.02479389  0.01756647] , [ 0.0085985   0.03187846  0.01102689  0.09061306  0.05569414  0.80218894] , [ 0.43301032  0.45578885  0.07420393  0.00811649  0.01822041  0.01066   ] , [ 0.14002352  0.70722456  0.09177841  0.01110345  0.0309924   0.01887766] , [ 0.67770693  0.18094696  0.10849068  0.00891348  0.01562791  0.00831404] , [ 0.53719531  0.32140549  0.10667482  0.00862371  0.01714735  0.00895332] , [ 0.69062083  0.05929018  0.14919198  0.02800291  0.04478224  0.02811188] , [ 0.58021101  0.27867253  0.11035813  0.00985518  0.01160219  0.00930096] , [ 0.04501152  0.50278621  0.04208104  0.18785979  0.07938332  0.14287811] , [ 0.56031388  0.28713971  0.1176836   0.00783826  0.01831513  0.00870941] , [ 0.62121342  0.26811248  0.07396056  0.01156494  0.01399493  0.01115366] , [ 0.61519979  0.23471748  0.07987782  0.02131295  0.03298386  0.0159081 ] , [ 0.01021243  0.03381813  0.01128846  0.06758619  0.04785233  0.82924245] , [ 0.13042815  0.72169624  0.10223418  0.01006552  0.01989607  0.01567984] , [ 0.69480165  0.17991917  0.09140714  0.01119987  0.01325509  0.00941708] , [ 0.01936983  0.05604594  0.01899805  0.74326323  0.04731249  0.11501046] , [ 0.77337027  0.10502695  0.06435792  0.02276349  0.01777826  0.0167031 ] , [ 0.04464978  0.31786757  0.0397228   0.26887909  0.09106262  0.23781814] , [ 0.30081894  0.54942552  0.11074042  0.01014667  0.01784297  0.01102548] ]
log_loss: 0.929259405301 

------------ LogisticRegression ------------
Predict Proba:
 [ 0.7  0.   0.3  0.   0.   0. ] , [ 0.7  0.1  0.2  0.   0.   0. ] , [ 0.1  0.9  0.   0.   0.   0. ] , [ 0.4  0.5  0.1  0.   0.   0. ] , [ 0.  1.  0.  0.  0.  0.] , [ 0.5  0.5  0.   0.   0.   0. ] , [ 1.  0.  0.  0.  0.  0.] , [ 0.8  0.2  0.   0.   0.   0. ] , [ 0.   0.9  0.1  0.   0.   0. ] , [ 0.4  0.4  0.2  0.   0.   0. ] , [ 0.   0.1  0.   0.   0.   0.9] , [ 0.8  0.2  0.   0.   0.   0. ] , [ 0.5  0.3  0.2  0.   0.   0. ] , [ 0.4  0.3  0.3  0.   0.   0. ] , [ 0.1  0.2  0.1  0.   0.2  0.4] , [ 0.1  0.5  0.   0.1  0.   0.3] , [ 0.   0.   0.   0.   0.5  0.5] , [ 0.4  0.5  0.1  0.   0.   0. ] , [ 0.1  0.8  0.1  0.   0.   0. ] , [ 0.   0.4  0.   0.2  0.   0.4] , [ 0.  1.  0.  0.  0.  0.] , [ 0.   0.1  0.1  0.5  0.3  0. ] , [ 0.   0.1  0.   0.   0.4  0.5] , [ 0.9  0.1  0.   0.   0.   0. ] , [ 0.   0.3  0.   0.6  0.   0.1] , [ 0.3  0.5  0.1  0.   0.1  0. ] , [ 0.5  0.4  0.1  0.   0.   0. ] , [ 0.  1.  0.  0.  0.  0.] , [ 0.   0.1  0.   0.   0.1  0.8] , [ 0.9  0.   0.1  0.   0.   0. ] , [ 0.6  0.3  0.1  0.   0.   0. ] , [ 0.6  0.   0.4  0.   0.   0. ] , [ 0.   0.1  0.1  0.   0.7  0.1] , [ 0.8  0.2  0.   0.   0.   0. ] , [ 0.  1.  0.  0.  0.  0.] , [ 0.   0.4  0.1  0.1  0.2  0.2] , [ 0.   0.1  0.   0.   0.   0.9] , [ 0.   0.2  0.   0.8  0.   0. ] , [ 0.  1.  0.  0.  0.  0.] , [ 0.  1.  0.  0.  0.  0.] , [ 0.3  0.7  0.   0.   0.   0. ] , [ 0.  1.  0.  0.  0.  0.] , [ 1.  0.  0.  0.  0.  0.] , [ 0.   0.4  0.   0.4  0.   0.2] , [ 0.   0.   0.1  0.   0.9  0. ] , [ 0.5  0.5  0.   0.   0.   0. ] , [ 0.1  0.9  0.   0.   0.   0. ] , [ 0.6  0.4  0.   0.   0.   0. ] , [ 0.   0.5  0.   0.2  0.1  0.2] , [ 0.7  0.3  0.   0.   0.   0. ] , [ 1.  0.  0.  0.  0.  0.] , [ 0.5  0.4  0.1  0.   0.   0. ] , [ 0.1  0.3  0.   0.4  0.2  0. ] , [ 0.3  0.6  0.1  0.   0.   0. ] , [ 0.3  0.7  0.   0.   0.   0. ] , [ 0.9  0.1  0.   0.   0.   0. ] , [ 0.  0.  0.  0.  0.  1.] , [ 0.  1.  0.  0.  0.  0.] , [ 0.   0.1  0.1  0.   0.8  0. ] , [ 0.1  0.4  0.5  0.   0.   0. ] , [ 0.9  0.   0.1  0.   0.   0. ] , [ 0.4  0.2  0.4  0.   0.   0. ] , [ 0.5  0.5  0.   0.   0.   0. ] , [ 0.1  0.3  0.   0.   0.5  0.1] , [ 0.   0.1  0.   0.   0.   0.9] , [ 0.7  0.3  0.   0.   0.   0. ] , [ 0.8  0.2  0.   0.   0.   0. ] , [ 0.   0.9  0.1  0.   0.   0. ] , [ 0.   0.1  0.   0.   0.   0.9] , [ 0.6  0.4  0.   0.   0.   0. ] , [ 0.3  0.7  0.   0.   0.   0. ] , [ 0.7  0.3  0.   0.   0.   0. ] , [ 1.  0.  0.  0.  0.  0.] , [ 0.6  0.3  0.1  0.   0.   0. ] , [ 0.6  0.4  0.   0.   0.   0. ] , [ 0.   0.5  0.1  0.   0.2  0.2] , [ 0.4  0.3  0.3  0.   0.   0. ] , [ 0.9  0.1  0.   0.   0.   0. ] , [ 0.5  0.4  0.1  0.   0.   0. ] , [ 0.   0.1  0.   0.   0.   0.9] , [ 0.  1.  0.  0.  0.  0.] , [ 0.9  0.1  0.   0.   0.   0. ] , [ 0.1  0.   0.   0.7  0.2  0. ] , [ 0.7  0.1  0.2  0.   0.   0. ] , [ 0.   0.1  0.   0.4  0.   0.5] , [ 0.1  0.7  0.2  0.   0.   0. ] ]
log_loss: 2.20360383255 

