------------ LogisticRegression ------------
Predict Proba:
 [  2.60009888e-06   3.29354498e-03   1.64005204e-02   8.30788975e-01
   1.41833688e-01   7.68067076e-03] , [  2.65126992e-05   2.46927751e-02   9.64783981e-01   1.79485716e-06
   1.04948151e-02   1.20893791e-07] , [  1.84103014e-04   1.00443171e-01   8.42049363e-01   2.27936560e-02
   3.44349406e-02   9.47659697e-05] , [  3.89411074e-08   1.72334470e-04   1.11537370e-01   2.88200928e-01
   4.38250402e-02   5.56264289e-01] , [  1.57082652e-04   8.73171832e-04   3.40614015e-02   2.02572619e-01
   1.31188850e-01   6.31146875e-01] , [  1.04894606e-04   2.59533368e-02   7.38580464e-01   1.10917133e-02
   2.23936942e-01   3.32649239e-04] , [  1.50511406e-06   7.42753376e-02   7.75338879e-01   4.22563830e-04
   1.49961624e-01   9.03995451e-08] , [ 0.00394648  0.27626692  0.3886024   0.3256675   0.0006248   0.0048919 ] , [ 0.01479124  0.0893044   0.03025293  0.07079015  0.04606491  0.74879636] , [ 0.0851976   0.0013705   0.08061744  0.00873724  0.65889755  0.16517968] , [ 0.0030034   0.06573598  0.22120514  0.61679256  0.04030091  0.05296201] , [ 0.00199844  0.00192649  0.22577058  0.53748985  0.11864554  0.11416909] , [ 0.00068602  0.00477657  0.57109349  0.29072901  0.13051832  0.00219658] , [  5.43153724e-05   4.09783173e-01   4.06255622e-01   1.83892519e-01
   2.02239204e-07   1.41693423e-05] , [  1.96467311e-05   4.75014679e-02   5.12733718e-01   1.15330047e-07
   4.39724545e-01   2.05069978e-05] , [  7.86411203e-05   3.89815532e-02   3.44671914e-01   5.34090561e-01
   8.13718784e-02   8.05451518e-04] , [ 0.0019987   0.00319401  0.01681458  0.31702729  0.00567662  0.65528881] , [ 0.02599482  0.00226417  0.11303407  0.00606724  0.74193384  0.11070587] , [  9.06778137e-07   8.80262043e-04   1.01001413e-01   5.98243417e-01
   2.86034488e-01   1.38395139e-02] , [ 0.01456482  0.01103046  0.16269469  0.3836305   0.16740478  0.26067475] , [ 0.00108544  0.00346805  0.2278956   0.69001319  0.07459792  0.00293979] , [  5.30846558e-05   7.09870952e-01   2.89970417e-01   6.49938035e-05
   4.03624596e-05   1.89604155e-07] , [  2.53392830e-04   1.76740986e-03   9.36698916e-02   2.09922230e-01
   6.79748531e-01   1.46385449e-02] , [  1.09829511e-01   4.57394188e-01   4.29829821e-01   1.17504850e-03
   1.75354452e-03   1.78868973e-05] , [  3.50258195e-04   1.04722755e-02   3.72478984e-01   5.96574392e-01
   1.91361240e-02   9.87966812e-04] , [  2.81703311e-04   7.10691884e-02   8.69750428e-01   1.63620953e-02
   4.23870560e-02   1.49529402e-04] , [  1.19968140e-06   8.22920042e-04   1.01604702e-01   5.93973052e-01
   2.88881020e-01   1.47171073e-02] , [ 0.00683023  0.0359907   0.47059711  0.31993971  0.13977769  0.02686456] , [  2.82630854e-09   4.65196210e-05   5.65818660e-02   4.55095105e-01
   1.79123745e-01   3.09152762e-01] , [  1.70725386e-05   2.62094411e-02   9.64163798e-01   1.87717253e-06
   9.60770207e-03   1.09193962e-07] , [  3.35452968e-07   1.45974803e-02   4.44105858e-02   7.77843468e-01
   1.62848024e-01   3.00106029e-04] , [  4.42067081e-04   4.70040551e-01   1.17238717e-01   3.46759798e-01
   6.53776540e-02   1.41212389e-04] , [  4.19799768e-06   3.58043704e-01   6.20011927e-01   6.27218516e-04
   2.13128365e-02   1.16069906e-07] , [  6.85383978e-05   8.01338058e-04   1.23427746e-01   6.24047398e-01
   2.49271669e-01   2.38331134e-03] , [ 0.00328365  0.77722331  0.1711496   0.03949714  0.00727132  0.00157498] , [ 0.03002678  0.001946    0.02604715  0.00305991  0.66674203  0.27217813] , [  2.27950019e-04   2.02522143e-03   7.87201565e-02   7.24491740e-01
   3.60559722e-02   1.58478959e-01] , [  2.02403490e-07   2.71527655e-03   4.42656967e-01   1.62359503e-04
   5.54465026e-01   1.68093786e-07] , [  1.22484748e-03   2.90711904e-01   6.83128088e-01   1.57881747e-02
   8.86117146e-03   2.85814680e-04] , [  8.01516067e-07   2.61397729e-02   1.51037427e-01   3.44759427e-01
   4.76551481e-01   1.51108990e-03] , [  1.19770264e-04   1.63726089e-03   3.95874090e-01   4.73727835e-01
   1.27051426e-01   1.58961826e-03] , [  2.60879115e-05   8.17018776e-04   6.51512549e-03   3.89633536e-01
   1.11613735e-01   4.91394497e-01] , [  6.99545756e-05   5.81704870e-02   1.98761999e-01   6.96938801e-01
   3.90154985e-02   7.04325930e-03] , [ 0.00127956  0.00810628  0.53772669  0.38940399  0.0614444   0.00203909] , [  7.72947718e-05   1.00111639e-01   6.71740432e-01   1.88581003e-01
   8.00226191e-03   3.14873698e-02] , [ 0.19758693  0.2837451   0.50102928  0.00828547  0.00691256  0.00244066] , [  1.09459118e-04   6.85100389e-04   1.16000230e-01   6.42122651e-01
   2.38324263e-01   2.75829659e-03] , [ 0.00165455  0.01382821  0.46403192  0.02215865  0.49042711  0.00789957] , [  2.03619569e-08   4.41839650e-01   5.54923131e-01   6.02105245e-04
   2.63509080e-03   2.82483488e-09] , [  1.82467928e-04   3.97279698e-01   6.01602128e-01   8.02837248e-04
   1.51644386e-05   1.17703995e-04] , [  3.54310202e-04   8.23799990e-02   8.26500932e-01   8.51030962e-02
   2.19648695e-03   3.46517530e-03] , [  4.89606224e-07   4.00410607e-04   4.62828350e-01   2.63639079e-02
   4.96928066e-01   1.34787753e-02] , [  1.24107067e-08   2.75638288e-04   1.04052080e-01   2.47596722e-01
   2.14788035e-02   6.26596744e-01] , [  1.33465363e-04   1.85167730e-02   9.69337155e-01   3.19583960e-06
   1.20092083e-02   2.02760388e-07] , [ 0.00301922  0.00390558  0.60532757  0.33734614  0.04585488  0.00454663] , [ 0.00221445  0.00141496  0.01061705  0.2808963   0.00453948  0.70031777] , [  1.57526733e-07   1.03393808e-02   5.00983189e-01   2.34636146e-03
   4.86330896e-01   1.46873397e-08] , [  1.93052094e-07   1.55291842e-02   6.11797283e-01   2.42973676e-04
   3.72430323e-01   4.24411826e-08] , [ 0.01291977  0.00337388  0.02066397  0.40502291  0.39254501  0.16547446] , [ 0.00922353  0.04145874  0.10544319  0.03700243  0.71696825  0.08990387] , [  1.71871382e-07   4.33177351e-01   5.66546996e-01   2.56629298e-07
   2.74869427e-04   3.54573879e-07] , [  1.46863629e-03   7.78871036e-04   9.04935006e-02   4.87253749e-03
   3.10576678e-02   8.71328787e-01] , [ 0.03044044  0.01766733  0.07562196  0.17621957  0.60665189  0.09339882] , [  2.84544588e-05   3.71519413e-02   6.75957593e-01   4.44250880e-03
   2.82377310e-01   4.21925894e-05] , [  5.31137003e-05   6.17388589e-02   2.68360910e-01   5.81860045e-01
   8.53587746e-02   2.62829805e-03] , [ 0.25783821  0.00977375  0.00909415  0.01251134  0.28398841  0.42679414] , [ 0.0109951   0.06581012  0.31482615  0.33212159  0.27159615  0.00465088] , [ 0.00952488  0.02876355  0.10919539  0.04083263  0.75444674  0.05723681] , [ 0.17473368  0.37301155  0.34897972  0.00988311  0.09278697  0.00060497] , [ 0.00251226  0.00773209  0.08157706  0.24288105  0.62098662  0.04431092] , [  6.63708737e-04   7.36544262e-03   5.17606538e-01   4.07150443e-01
   6.68230178e-02   3.90849961e-04] , [  2.33689857e-03   4.60299342e-01   5.37325556e-01   3.86027990e-06
   3.43381182e-05   5.01624606e-09] , [  1.72082685e-06   9.54216208e-04   2.42154569e-02   7.12720542e-01
   1.93496255e-01   6.86118083e-02] , [ 0.00082744  0.0152361   0.46228377  0.18663463  0.32932473  0.00569334] , [  2.65027391e-06   7.50563748e-02   2.18482297e-01   6.73446327e-01
   3.29961342e-02   1.62161305e-05] , [ 0.00460996  0.0012501   0.01958499  0.00331294  0.33694228  0.63429973] , [  1.79453237e-05   4.03862949e-03   4.20895264e-03   5.39950844e-01
   1.17408433e-01   3.34375196e-01] , [  2.13750656e-01   3.70388658e-01   4.09885541e-01   9.35639292e-04
   5.01687755e-03   2.26284837e-05] , [ 0.02801483  0.0122641   0.37514935  0.00554588  0.56981667  0.00920919] , [  4.62332074e-04   1.88831399e-02   2.78102725e-02   7.71731151e-01
   9.65915162e-02   8.45215883e-02] , [ 0.00104295  0.00159175  0.00969871  0.28436777  0.00398589  0.69931293] , [  4.67290356e-05   1.32595876e-02   3.83417086e-01   5.83505664e-01
   1.89418891e-02   8.29044408e-04] ]
log_loss: 1.1879685699 

------------ 		SVC         ------------
Predict Proba:
 [ 0.01570787  0.10321382  0.31771507  0.26713372  0.15108341  0.14514613] , [ 0.01570787  0.10321382  0.31771507  0.26713372  0.15108341  0.14514613] , [ 0.01570787  0.10321382  0.31771507  0.26713372  0.15108341  0.14514613] , [ 0.01570787  0.10321382  0.31771507  0.26713372  0.15108341  0.14514613] , [ 0.01570787  0.10321382  0.31771507  0.26713372  0.15108341  0.14514613] , [ 0.01570787  0.10321382  0.31771507  0.26713372  0.15108341  0.14514613] , [ 0.01570787  0.10321382  0.31771507  0.26713372  0.15108341  0.14514613] , [ 0.01570787  0.10321382  0.31771507  0.26713372  0.15108341  0.14514613] , [ 0.01570787  0.10321382  0.31771507  0.26713372  0.15108341  0.14514613] , [ 0.01570787  0.10321382  0.31771507  0.26713372  0.15108341  0.14514613] , [ 0.01570787  0.10321382  0.31771507  0.26713372  0.15108341  0.14514613] , [ 0.01570787  0.10321382  0.31771507  0.26713372  0.15108341  0.14514613] , [ 0.01570787  0.10321382  0.31771507  0.26713372  0.15108341  0.14514613] , [ 0.01570787  0.10321382  0.31771507  0.26713372  0.15108341  0.14514613] , [ 0.01570787  0.10321382  0.31771507  0.26713372  0.15108341  0.14514613] , [ 0.01570787  0.10321382  0.31771507  0.26713372  0.15108341  0.14514613] , [ 0.01570787  0.10321382  0.31771507  0.26713372  0.15108341  0.14514613] , [ 0.01570787  0.10321382  0.31771507  0.26713372  0.15108341  0.14514613] , [ 0.01570787  0.10321382  0.31771507  0.26713372  0.15108341  0.14514613] , [ 0.01881639  0.11685322  0.26426907  0.26428335  0.16607551  0.16970246] , [ 0.01937965  0.11881411  0.25904423  0.26175319  0.16826989  0.17273893] , [ 0.01570787  0.10321382  0.31771507  0.26713372  0.15108341  0.14514613] , [ 0.01570787  0.10321382  0.31771507  0.26713372  0.15108341  0.14514613] , [ 0.01570787  0.10321382  0.31771507  0.26713372  0.15108341  0.14514613] , [ 0.01570787  0.10321382  0.31771507  0.26713372  0.15108341  0.14514613] , [ 0.01570787  0.10321382  0.31771507  0.26713372  0.15108341  0.14514613] , [ 0.01570787  0.10321382  0.31771507  0.26713372  0.15108341  0.14514613] , [ 0.01570787  0.10321382  0.31771507  0.26713372  0.15108341  0.14514613] , [ 0.01570787  0.10321382  0.31771507  0.26713372  0.15108341  0.14514613] , [ 0.01570787  0.10321382  0.31771507  0.26713372  0.15108341  0.14514613] , [ 0.01570787  0.10321382  0.31771507  0.26713372  0.15108341  0.14514613] , [ 0.01570787  0.10321382  0.31771507  0.26713372  0.15108341  0.14514613] , [ 0.01570787  0.10321382  0.31771507  0.26713372  0.15108341  0.14514613] , [ 0.01570787  0.10321382  0.31771507  0.26713372  0.15108341  0.14514613] , [ 0.01570787  0.10321382  0.31771507  0.26713372  0.15108341  0.14514613] , [ 0.01570787  0.10321382  0.31771507  0.26713372  0.15108341  0.14514613] , [ 0.01570787  0.10321382  0.31771507  0.26713372  0.15108341  0.14514613] , [ 0.01570787  0.10321382  0.31771507  0.26713372  0.15108341  0.14514613] , [ 0.01570787  0.10321382  0.31771507  0.26713372  0.15108341  0.14514613] , [ 0.01570787  0.10321382  0.31771507  0.26713372  0.15108341  0.14514613] , [ 0.01570787  0.10321382  0.31771507  0.26713372  0.15108341  0.14514613] , [ 0.01570787  0.10321382  0.31771507  0.26713372  0.15108341  0.14514613] , [ 0.01570787  0.10321382  0.31771507  0.26713372  0.15108341  0.14514613] , [ 0.01570787  0.10321382  0.31771507  0.26713372  0.15108341  0.14514613] , [ 0.01570787  0.10321382  0.31771507  0.26713372  0.15108341  0.14514613] , [ 0.01570787  0.10321382  0.31771507  0.26713372  0.15108341  0.14514613] , [ 0.01570787  0.10321382  0.31771507  0.26713372  0.15108341  0.14514613] , [ 0.01570787  0.10321382  0.31771507  0.26713372  0.15108341  0.14514613] , [ 0.01570787  0.10321382  0.31771507  0.26713372  0.15108341  0.14514613] , [ 0.01570787  0.10321382  0.31771507  0.26713372  0.15108341  0.14514613] , [ 0.01570787  0.10321382  0.31771507  0.26713372  0.15108341  0.14514613] , [ 0.01570787  0.10321382  0.31771507  0.26713372  0.15108341  0.14514613] , [ 0.01570787  0.10321382  0.31771507  0.26713372  0.15108341  0.14514613] , [ 0.01570787  0.10321382  0.31771507  0.26713372  0.15108341  0.14514613] , [ 0.01570787  0.10321382  0.31771507  0.26713372  0.15108341  0.14514613] , [ 0.01570787  0.10321382  0.31771507  0.26713372  0.15108341  0.14514613] , [ 0.01570787  0.10321382  0.31771507  0.26713372  0.15108341  0.14514613] , [ 0.01570787  0.10321382  0.31771507  0.26713372  0.15108341  0.14514613] , [ 0.01570787  0.10321382  0.31771507  0.26713372  0.15108341  0.14514613] , [ 0.01570787  0.10321382  0.31771507  0.26713372  0.15108341  0.14514613] , [ 0.01570787  0.10321382  0.31771507  0.26713372  0.15108341  0.14514613] , [ 0.01570787  0.10321382  0.31771507  0.26713372  0.15108341  0.14514613] , [ 0.01570787  0.10321382  0.31771507  0.26713372  0.15108341  0.14514613] , [ 0.01570787  0.10321382  0.31771507  0.26713372  0.15108341  0.14514613] , [ 0.01570787  0.10321382  0.31771507  0.26713372  0.15108341  0.14514613] , [ 0.01570787  0.10321382  0.31771507  0.26713372  0.15108341  0.14514613] , [ 0.01570787  0.10321382  0.31771507  0.26713372  0.15108341  0.14514613] , [ 0.01570787  0.10321382  0.31771507  0.26713372  0.15108341  0.14514613] , [ 0.01570787  0.10321382  0.31771507  0.26713372  0.15108341  0.14514613] , [ 0.01570787  0.10321382  0.31771507  0.26713372  0.15108341  0.14514613] , [ 0.01570787  0.10321382  0.31771507  0.26713372  0.15108341  0.14514613] , [ 0.01570787  0.10321382  0.31771507  0.26713372  0.15108341  0.14514613] , [ 0.01570787  0.10321382  0.31771507  0.26713372  0.15108341  0.14514613] , [ 0.01570787  0.10321382  0.31771507  0.26713372  0.15108341  0.14514613] , [ 0.01570787  0.10321382  0.31771503  0.26713373  0.15108342  0.14514614] , [ 0.01570787  0.10321382  0.31771507  0.26713372  0.15108341  0.14514613] , [ 0.04162208  0.18871627  0.18002512  0.08814295  0.25386111  0.24763248] , [ 0.01570787  0.10321382  0.31771507  0.26713372  0.15108341  0.14514613] , [ 0.01570787  0.10321382  0.31771507  0.26713372  0.15108341  0.14514613] , [ 0.01570787  0.10321382  0.31771507  0.26713372  0.15108341  0.14514613] , [ 0.01570787  0.10321382  0.31771507  0.26713372  0.15108341  0.14514613] , [ 0.01570787  0.10321382  0.31771506  0.2671337   0.15108342  0.14514613] ]
log_loss: 1.56716892506 

------------ LogisticRegression ------------
Predict Proba:
 [ 0.   0.   0.2  0.4  0.4  0. ] , [ 0.   0.3  0.6  0.   0.1  0. ] , [ 0.1  0.1  0.5  0.1  0.2  0. ] , [ 0.   0.   0.   0.1  0.1  0.8] , [ 0.  0.  0.  0.  0.  1.] , [ 0.   0.   0.5  0.5  0.   0. ] , [ 0.   0.2  0.3  0.1  0.4  0. ] , [ 0.1  0.5  0.4  0.   0.   0. ] , [ 0.2  0.2  0.1  0.5  0.   0. ] , [ 0.1  0.   0.2  0.1  0.4  0.2] , [ 0.   0.   0.4  0.2  0.4  0. ] , [ 0.   0.   0.2  0.4  0.1  0.3] , [ 0.  0.  0.  1.  0.  0.] , [ 0.1  0.6  0.2  0.   0.   0.1] , [ 0.   0.   0.4  0.6  0.   0. ] , [ 0.   0.1  0.6  0.3  0.   0. ] , [ 0.  0.  0.  0.  0.  1.] , [ 0.1  0.   0.1  0.3  0.4  0.1] , [ 0.   0.   0.2  0.8  0.   0. ] , [ 0.   0.   0.3  0.7  0.   0. ] , [ 0.  0.  0.  1.  0.  0.] , [ 0.1  0.5  0.3  0.1  0.   0. ] , [ 0.   0.   0.3  0.   0.6  0.1] , [ 0.   0.1  0.8  0.1  0.   0. ] , [ 0.   0.   0.2  0.8  0.   0. ] , [ 0.   0.1  0.6  0.1  0.2  0. ] , [ 0.   0.   0.2  0.8  0.   0. ] , [ 0.1  0.   0.4  0.   0.4  0.1] , [ 0.   0.   0.2  0.6  0.2  0. ] , [ 0.   0.3  0.6  0.   0.1  0. ] , [ 0.   0.   0.2  0.6  0.2  0. ] , [ 0.   0.8  0.2  0.   0.   0. ] , [ 0.   0.3  0.6  0.1  0.   0. ] , [ 0.   0.   0.   0.9  0.1  0. ] , [ 0.2  0.7  0.1  0.   0.   0. ] , [ 0.   0.   0.1  0.2  0.3  0.4] , [ 0.   0.   0.3  0.2  0.2  0.3] , [ 0.   0.   0.6  0.2  0.2  0. ] , [ 0.   0.4  0.6  0.   0.   0. ] , [ 0.   0.   0.1  0.7  0.2  0. ] , [ 0.   0.   0.1  0.9  0.   0. ] , [ 0.   0.   0.   0.7  0.2  0.1] , [ 0.   0.1  0.7  0.2  0.   0. ] , [ 0.   0.1  0.8  0.   0.1  0. ] , [ 0.   0.1  0.4  0.2  0.   0.3] , [ 0.   0.8  0.1  0.   0.   0.1] , [ 0.   0.   0.   0.9  0.1  0. ] , [ 0.1  0.1  0.7  0.1  0.   0. ] , [ 0.   0.5  0.4  0.   0.1  0. ] , [ 0.   0.2  0.8  0.   0.   0. ] , [ 0.1  0.3  0.5  0.1  0.   0. ] , [ 0.   0.   0.2  0.   0.8  0. ] , [ 0.   0.   0.   0.1  0.1  0.8] , [ 0.   0.3  0.6  0.   0.1  0. ] , [ 0.   0.   0.6  0.   0.4  0. ] , [ 0.   0.   0.1  0.1  0.1  0.7] , [ 0.   0.   0.1  0.6  0.3  0. ] , [ 0.   0.   0.5  0.1  0.4  0. ] , [ 0.   0.   0.   0.8  0.2  0. ] , [ 0.   0.   0.1  0.   0.9  0. ] , [ 0.   0.8  0.2  0.   0.   0. ] , [ 0.   0.   0.2  0.1  0.   0.7] , [ 0.  0.  0.  0.  1.  0.] , [ 0.   0.   0.5  0.5  0.   0. ] , [ 0.   0.1  0.5  0.4  0.   0. ] , [ 0.   0.   0.1  0.2  0.   0.7] , [ 0.2  0.   0.5  0.   0.3  0. ] , [ 0.  0.  0.  0.  1.  0.] , [ 0.4  0.6  0.   0.   0.   0. ] , [ 0.   0.   0.   0.5  0.5  0. ] , [ 0.   0.   0.8  0.1  0.1  0. ] , [ 0.   0.1  0.9  0.   0.   0. ] , [ 0.   0.   0.2  0.4  0.4  0. ] , [ 0.   0.   0.7  0.   0.3  0. ] , [ 0.   0.   0.3  0.7  0.   0. ] , [ 0.   0.1  0.1  0.2  0.4  0.2] , [ 0.   0.   0.   0.9  0.   0.1] , [ 0.   0.2  0.7  0.1  0.   0. ] , [ 0.2  0.   0.2  0.   0.6  0. ] , [ 0.   0.   0.3  0.2  0.3  0.2] , [ 0.   0.   0.1  0.1  0.1  0.7] , [ 0.   0.   0.4  0.6  0.   0. ] ]
log_loss: 1.49853242711 

