------------ LogisticRegression ------------
Predict Proba:
 [  9.73063555e-01   2.51504301e-02   1.64973880e-03   1.36276411e-04] , [ 0.10950662  0.51462053  0.01327916  0.36259369] , [  9.80390228e-01   1.93327786e-02   1.17117090e-04   1.59875945e-04] , [ 0.15483442  0.74908989  0.02366075  0.07241494] , [ 0.92661424  0.0205578   0.02442836  0.0283996 ] , [ 0.47442243  0.49462747  0.00150226  0.02944783] , [ 0.82903446  0.16754587  0.00229864  0.00112102] , [  9.79439770e-01   1.68612366e-02   2.80714361e-04   3.41827912e-03] , [  6.84354149e-01   3.04482206e-01   1.81716768e-04   1.09819287e-02] , [ 0.97992655  0.01257653  0.00512572  0.0023712 ] , [ 0.0310092   0.55880626  0.37576766  0.03441687] , [ 0.02970618  0.79328628  0.08235898  0.09464856] , [ 0.73950999  0.23327337  0.00455488  0.02266176] , [ 0.97406009  0.01191201  0.01180048  0.00222741] , [  9.86192756e-01   1.30536315e-02   6.10990427e-04   1.42622281e-04] , [  9.89745221e-01   8.91655803e-03   1.12292633e-05   1.32699197e-03] , [  6.29919613e-01   3.67996310e-01   2.18572848e-04   1.86550397e-03] , [ 0.94194894  0.01017897  0.00719713  0.04067496] , [ 0.96970668  0.00980951  0.00356955  0.01691425] , [ 0.19183793  0.72154094  0.02765896  0.05896217] , [  9.83322511e-01   1.44231606e-02   2.14359029e-03   1.10738106e-04] , [ 0.58096805  0.39011277  0.00632622  0.02259297] , [ 0.12292787  0.63912232  0.18762572  0.05032409] , [  9.69474678e-01   2.87525315e-02   2.15465076e-04   1.55732566e-03] , [ 0.47351151  0.51110752  0.00375305  0.01162793] , [  5.41538370e-01   4.18835611e-01   1.76085701e-04   3.94499333e-02] , [  7.10805544e-01   2.88242905e-01   2.58435377e-04   6.93115956e-04] , [  9.99765238e-01   1.39159647e-04   1.17185958e-05   8.38841925e-05] , [ 0.93270217  0.01473641  0.03180824  0.02075317] , [  9.69736760e-01   2.63351791e-02   3.78974222e-03   1.38318820e-04] , [ 0.52258539  0.45286026  0.00168707  0.02286728] , [  9.92444722e-01   4.60360068e-03   8.64849059e-06   2.94302922e-03] , [ 0.64695521  0.34926095  0.00239325  0.00139059] , [  9.10762141e-01   6.84175210e-03   2.47174946e-04   8.21489316e-02] , [ 0.13229248  0.81333637  0.03460463  0.01976652] , [ 0.07154152  0.33560102  0.01906812  0.57378933] , [ 0.03119779  0.62591078  0.03626659  0.30662484] , [ 0.87166043  0.0121087   0.06132941  0.05490146] , [ 0.97568896  0.01725886  0.00384194  0.00321024] , [  9.99584237e-01   1.26502299e-04   8.25961900e-05   2.06664717e-04] , [  9.98258934e-01   2.14304783e-04   1.27573039e-03   2.51030881e-04] , [ 0.97476704  0.0183878   0.00457276  0.0022724 ] , [ 0.46296375  0.4930983   0.00262577  0.04131219] , [ 0.23143993  0.74705982  0.00234349  0.01915676] , [ 0.10669453  0.72596446  0.04642425  0.12091676] , [ 0.04752341  0.59733688  0.3278357   0.02730401] , [ 0.95385252  0.01831119  0.00641874  0.02141755] , [ 0.97961217  0.00854033  0.00811296  0.00373454] , [  9.87656450e-01   1.06398196e-02   1.66819839e-04   1.53691107e-03] , [ 0.79331574  0.01666129  0.13767212  0.05235085] , [ 0.37779759  0.54918091  0.07123058  0.00179092] , [ 0.96435248  0.02342567  0.00920729  0.00301456] , [ 0.42549831  0.54288512  0.00452546  0.0270911 ] , [  9.85189138e-01   1.23260229e-02   8.26232401e-04   1.65860679e-03] , [  7.10770695e-01   2.87804079e-01   6.00342830e-05   1.36519145e-03] , [ 0.96891032  0.00891259  0.01840266  0.00377443] , [  9.83904958e-01   1.43685812e-02   6.93203007e-05   1.65714054e-03] , [  9.87566352e-01   1.92346909e-04   6.88987061e-03   5.35143052e-03] , [  9.99695392e-01   2.62492938e-04   3.19021536e-05   1.02131512e-05] , [ 0.03156979  0.58792198  0.02009859  0.36040964] , [  9.99857649e-01   1.26870033e-04   5.06897019e-06   1.04123894e-05] , [ 0.26947755  0.70460507  0.00135359  0.02456379] , [  9.94979760e-01   4.76725504e-03   6.09039485e-05   1.92081414e-04] , [  9.90040732e-01   8.45293294e-03   6.33588119e-04   8.72746990e-04] , [ 0.15644206  0.53266712  0.00294664  0.30794418] , [ 0.00211282  0.40570132  0.43289519  0.15929068] , [  9.92434904e-01   7.44222448e-03   1.26138874e-05   1.10257871e-04] , [ 0.35823145  0.60760204  0.03248493  0.00168158] , [ 0.17987985  0.78921161  0.00343011  0.02747843] , [ 0.99070079  0.00416741  0.0013048   0.00382701] , [ 0.91247741  0.02676925  0.04127458  0.01947875] , [  9.77497004e-01   2.13735818e-02   9.92534497e-04   1.36879725e-04] , [  9.99905007e-01   8.25012246e-05   3.77678091e-06   8.71479532e-06] , [  9.92850784e-01   6.98267147e-03   1.05934139e-05   1.55951049e-04] , [ 0.02187792  0.62677049  0.24275658  0.10859501] , [ 0.00707158  0.49721296  0.34080259  0.15491287] , [  9.89263610e-01   9.71620543e-03   9.09500323e-04   1.10683859e-04] , [  9.99792952e-01   1.93153632e-04   5.80019170e-06   8.09413678e-06] , [  9.99572855e-01   1.27420878e-04   5.99179745e-05   2.39805990e-04] , [  8.14083731e-01   1.84283220e-01   7.09990029e-05   1.56205004e-03] , [ 0.00894155  0.42733734  0.39066375  0.17305737] , [  9.98746279e-01   3.64610431e-04   1.59992481e-04   7.29118533e-04] , [  9.84342135e-01   1.31787000e-02   1.88312162e-04   2.29085259e-03] , [ 0.31640197  0.38390677  0.00139002  0.29830124] , [ 0.00622456  0.48213411  0.35022317  0.16141816] , [ 0.48884923  0.48998269  0.00297915  0.01818893] , [  9.99636334e-01   7.10020927e-05   6.50914510e-05   2.27572938e-04] , [ 0.51882843  0.43763644  0.00967077  0.03386436] , [ 0.00609126  0.37387016  0.3650979   0.25494068] , [ 0.07482573  0.57297711  0.34131757  0.01087958] , [  9.99138081e-01   1.01890294e-04   3.92452278e-04   3.67576224e-04] , [ 0.02332853  0.44222656  0.14233184  0.39211307] , [  9.84793090e-01   1.22586658e-02   1.96879851e-03   9.79446070e-04] , [  9.94892969e-01   4.66329246e-03   2.80946081e-04   1.62791976e-04] , [  9.88443636e-01   6.99500382e-03   4.49052688e-04   4.11230755e-03] , [ 0.01396321  0.4452452   0.09073093  0.45006066] , [ 0.50556814  0.48907021  0.00410008  0.00126157] , [  9.99904489e-01   7.46719147e-05   9.19847386e-06   1.16403797e-05] , [  9.99620785e-01   2.22455187e-04   4.64951157e-05   1.10264315e-04] , [ 0.2614126   0.66393246  0.01618657  0.05846837] , [  7.72713203e-01   2.24208797e-01   2.06666604e-04   2.87133348e-03] , [  9.96088404e-01   3.80201499e-03   2.25007454e-05   8.70798304e-05] , [  9.57669076e-01   1.18866946e-02   1.42635042e-04   3.03015941e-02] , [  9.94224003e-01   5.32210187e-03   2.46258004e-04   2.07637511e-04] , [ 0.04790441  0.62340805  0.01550361  0.31318392] , [ 0.03715156  0.48622647  0.11892762  0.35769435] , [ 0.53652246  0.42337145  0.0014402   0.03866589] , [  9.62674616e-01   1.30743512e-02   1.93877225e-04   2.40571551e-02] , [ 0.98420715  0.00875873  0.00449589  0.00253823] , [ 0.40893248  0.51538829  0.01089062  0.06478861] , [  9.91091222e-01   6.76021471e-03   3.36268039e-04   1.81229483e-03] , [ 0.88968581  0.02348491  0.06578484  0.02104444] , [ 0.49032484  0.47939735  0.02869916  0.00157865] , [ 0.98188584  0.01067265  0.00433906  0.00310245] , [  6.80634096e-01   2.83056416e-01   1.92474274e-04   3.61170136e-02] , [ 0.44820444  0.50249746  0.03497387  0.01432423] , [ 0.01783901  0.45068512  0.34022155  0.19125432] , [  9.94929964e-01   2.81465862e-03   1.11011392e-04   2.14436598e-03] , [  7.89688937e-01   2.08550088e-01   3.73120543e-04   1.38785472e-03] , [ 0.96877518  0.01284665  0.00189626  0.01648191] , [ 0.91196426  0.00559585  0.00127967  0.08116023] , [ 0.00777219  0.53822122  0.28993659  0.16406999] , [ 0.86076221  0.01403556  0.05507297  0.07012926] , [ 0.25221242  0.69644143  0.00353213  0.04781402] , [ 0.43280058  0.48482559  0.0052936   0.07708022] , [  9.99722750e-01   7.97073140e-05   1.51019140e-05   1.82440355e-04] , [ 0.03084492  0.43915074  0.02224425  0.50776009] , [  9.90739237e-01   5.11510194e-03   2.52888071e-04   3.89277281e-03] , [  9.98017272e-01   2.77949020e-04   6.92656510e-04   1.01212257e-03] , [  9.87802125e-01   1.19080049e-02   1.88593791e-04   1.01276196e-04] , [  9.99223544e-01   2.65867235e-04   2.93594599e-04   2.16994230e-04] , [  9.99922922e-01   6.05344969e-05   5.53738836e-06   1.10058685e-05] , [ 0.14229249  0.51327097  0.01624414  0.3281924 ] , [  9.82113386e-01   1.43929964e-02   7.24961482e-05   3.42112184e-03] , [  9.99323046e-01   1.26866905e-04   3.20722746e-04   2.29363879e-04] , [ 0.2100729   0.68959336  0.0881414   0.01219234] , [  9.96758572e-01   3.13395397e-03   1.57773999e-05   9.16968270e-05] , [ 0.00594455  0.49125842  0.38087681  0.12192021] , [  9.99900052e-01   8.75071222e-05   7.73598851e-07   1.16669001e-05] , [  9.91278173e-01   6.82714585e-03   4.87528426e-05   1.84592860e-03] , [ 0.97508469  0.01840754  0.00546818  0.00103959] , [ 0.15990438  0.58484914  0.00372558  0.2515209 ] , [ 0.64148704  0.3563474   0.00117019  0.00099537] , [ 0.34770056  0.56115402  0.00954355  0.08160186] , [  9.80500379e-01   1.74095975e-02   6.30768870e-04   1.45925479e-03] , [ 0.11934611  0.37688391  0.0026965   0.50107348] , [  9.91669093e-01   4.11541165e-03   1.44793742e-04   4.07070122e-03] , [  6.70249929e-01   3.28174026e-01   3.25333645e-04   1.25071155e-03] , [ 0.98942037  0.0050939   0.00205862  0.00342711] , [  9.93934728e-01   5.75039911e-03   2.07206950e-04   1.07665894e-04] , [ 0.04545143  0.80157399  0.0527519   0.10022268] , [ 0.00160748  0.42276165  0.43049506  0.1451358 ] , [ 0.96763601  0.0082187   0.00130198  0.02284331] , [  9.87856394e-01   1.16512278e-02   3.42688418e-04   1.49690122e-04] , [ 0.98834457  0.00840971  0.00221856  0.00102717] , [  9.91480796e-01   5.45911017e-03   3.01476248e-04   2.75861782e-03] , [  9.94824901e-01   4.99227950e-03   6.24913302e-05   1.20327787e-04] , [ 0.97685035  0.01837843  0.00335074  0.00142048] , [  9.99748240e-01   4.00430652e-05   7.09339005e-06   2.04623874e-04] , [ 0.67948     0.3128949   0.00622574  0.00139936] , [  9.86252525e-01   1.17556185e-02   3.58809809e-04   1.63304671e-03] , [ 0.14508302  0.70634748  0.11200028  0.03656922] , [  6.63993979e-01   3.34203113e-01   8.85645504e-05   1.71434329e-03] , [  9.80472063e-01   1.60482213e-02   1.21594311e-04   3.35812149e-03] , [  9.93540096e-01   6.01878100e-03   2.91721868e-04   1.49401329e-04] , [  9.92037419e-01   6.72870892e-03   7.87433759e-06   1.22599764e-03] , [ 0.40043335  0.5720674   0.00221019  0.02528905] , [  9.99353010e-01   2.37703465e-04   1.07064159e-04   3.02222123e-04] , [ 0.27440203  0.69634172  0.02768594  0.00157031] , [ 0.0053769   0.59671042  0.31921203  0.07870065] , [ 0.07686489  0.61571321  0.26263864  0.04478325] , [  9.99741116e-01   1.30449478e-04   9.83722749e-06   1.18597061e-04] , [ 0.05765391  0.87280097  0.05506075  0.01448437] , [ 0.47435554  0.49087215  0.03366636  0.00110595] , [  9.78600191e-01   1.96552293e-02   1.59547331e-03   1.49106583e-04] , [ 0.12822073  0.6923094   0.16183678  0.0176331 ] , [ 0.77782013  0.03139725  0.15521558  0.03556703] , [  9.91000603e-01   6.36062769e-03   2.06646318e-04   2.43212265e-03] , [ 0.98249366  0.01008201  0.00436971  0.00305463] , [  9.90456732e-01   9.25090550e-03   1.81864549e-04   1.10498433e-04] , [ 0.36712231  0.53701573  0.00498466  0.0908773 ] , [  9.89752172e-01   8.36322264e-03   9.42659272e-06   1.87517885e-03] , [ 0.43145301  0.53675681  0.03034587  0.0014443 ] , [  9.56279366e-01   9.95204925e-03   8.35395244e-04   3.29331892e-02] , [ 0.01629324  0.43801245  0.04833655  0.49735777] , [ 0.03533058  0.69993873  0.24839262  0.01633807] , [  9.90589563e-01   7.40077575e-03   7.91572167e-04   1.21808897e-03] , [  9.99450163e-01   1.13426624e-04   1.16959545e-04   3.19450342e-04] , [ 0.45078783  0.50758144  0.0103192   0.03131153] , [  9.90331736e-01   8.66688594e-03   1.08838898e-04   8.92539456e-04] , [  7.87350544e-01   2.09820194e-01   8.70244629e-05   2.74223747e-03] , [  9.99163823e-01   1.08693985e-04   4.67475451e-04   2.60007696e-04] , [ 0.37525191  0.59955215  0.00447261  0.02072334] , [  7.52004048e-01   2.44993321e-01   7.37017553e-04   2.26561268e-03] , [ 0.82216165  0.01602823  0.09122804  0.07058208] , [  9.91756053e-01   4.58036550e-03   6.25252450e-05   3.60105638e-03] , [  9.63730199e-01   1.17007823e-02   1.15382851e-04   2.44536358e-02] , [ 0.46159786  0.52429063  0.01265063  0.00146088] , [ 0.94818927  0.0101007   0.00103151  0.04067852] , [  9.89281399e-01   6.26393299e-03   2.67616726e-04   4.18705150e-03] , [  9.99424130e-01   2.21499814e-04   2.48901937e-04   1.05467937e-04] , [  7.61051394e-01   2.37840703e-01   1.10616568e-05   1.09684173e-03] , [  9.99896183e-01   8.64005449e-05   5.31926026e-06   1.20970302e-05] , [ 0.02504599  0.61116565  0.04923763  0.31455073] , [  9.86224608e-01   1.20447730e-02   6.15853206e-05   1.66903379e-03] , [  9.86501980e-01   1.11320429e-02   2.34828876e-04   2.13114792e-03] , [ 0.97797399  0.00917105  0.01028098  0.00257398] , [ 0.01224512  0.59832891  0.06314052  0.32628545] , [  9.96597090e-01   3.29883718e-03   6.78290931e-06   9.72896091e-05] , [ 0.65670706  0.29229251  0.00093002  0.05007041] , [ 0.98587647  0.00603203  0.00558896  0.00250254] , [  9.72451696e-01   2.58325796e-02   1.28517681e-04   1.58720673e-03] , [ 0.66241241  0.31676065  0.00218937  0.01863758] , [  9.73535646e-01   2.50534916e-02   3.31586162e-04   1.07927610e-03] , [  9.87700595e-01   8.86476264e-03   9.33031137e-04   2.50161171e-03] , [ 0.03070891  0.77212384  0.0693181   0.12784915] , [  9.90357305e-01   9.44039481e-03   2.41030208e-05   1.78196810e-04] , [  9.99734221e-01   1.37551504e-04   1.13014840e-04   1.52125620e-05] , [ 0.98890877  0.00648023  0.00188604  0.00272496] , [ 0.02743719  0.6114424   0.27208907  0.08903134] , [ 0.00258492  0.44285386  0.39545962  0.15910159] , [  8.57635872e-01   1.40549257e-01   1.11696236e-05   1.80370167e-03] , [  9.96839792e-01   3.00434937e-03   2.87090132e-06   1.52987546e-04] , [ 0.49044492  0.50643986  0.00051244  0.00260277] , [ 0.97851949  0.01644842  0.00272356  0.00230853] , [ 0.98918964  0.00775432  0.00182003  0.00123601] , [  9.90387727e-01   6.07195947e-03   6.90416626e-04   2.84989708e-03] , [ 0.98524815  0.00903251  0.0026087   0.00311064] , [ 0.05255663  0.73275422  0.20214939  0.01253977] , [  9.77176760e-01   2.12227098e-02   1.21725459e-04   1.47880484e-03] , [  6.55005644e-01   3.32972382e-01   1.51622837e-04   1.18703511e-02] , [  9.95228318e-01   4.45483070e-03   1.99541333e-04   1.17309793e-04] , [ 0.70691317  0.25115224  0.00636819  0.03556639] , [ 0.96362618  0.03375427  0.00132995  0.0012896 ] , [ 0.48721553  0.49501556  0.00902883  0.00874008] , [  8.05886342e-01   1.91837225e-01   1.00420647e-04   2.17601203e-03] , [  9.98372862e-01   2.00919695e-04   1.07128221e-03   3.54936285e-04] , [ 0.59459478  0.4018742   0.0025946   0.00093643] , [  7.81092416e-01   2.03359599e-01   7.40911654e-05   1.54738941e-02] , [ 0.52699535  0.4652136   0.00671796  0.00107309] , [ 0.98611007  0.00679234  0.0043317   0.00276589] , [ 0.98693656  0.00723061  0.00315872  0.00267411] , [  9.99576717e-01   2.11258512e-04   1.08121309e-04   1.03903589e-04] , [  9.96809458e-01   3.04258187e-03   4.17506394e-07   1.47542172e-04] , [  9.93079564e-01   5.89311374e-03   8.65892647e-04   1.61429230e-04] , [  9.89728853e-01   1.00631523e-02   6.92098045e-05   1.38784712e-04] , [ 0.9511787   0.0243167   0.02314313  0.00136147] , [  9.90681988e-01   6.47722707e-03   8.22659209e-04   2.01812595e-03] , [ 0.89379647  0.04678915  0.04669262  0.01272176] , [  9.87581443e-01   7.27444675e-03   1.11995905e-04   5.03211472e-03] , [  9.87076769e-01   1.13168137e-02   1.21436535e-04   1.48498037e-03] , [ 0.96021429  0.01637913  0.00279412  0.02061247] , [  9.86316166e-01   1.32685383e-02   3.15987062e-04   9.93085481e-05] , [  9.98466321e-01   3.44048004e-04   1.09434484e-03   9.52863547e-05] , [ 0.95202642  0.0395616   0.0070458   0.00136618] , [  9.80400729e-01   1.83445219e-02   1.01895815e-05   1.24455928e-03] , [ 0.98556843  0.00825159  0.00277055  0.00340943] , [  7.77019338e-01   2.21846647e-01   6.65324429e-06   1.12736154e-03] , [ 0.09038354  0.67531836  0.19417778  0.04012031] , [  9.99943415e-01   4.68970280e-05   4.32848209e-07   9.25529554e-06] , [ 0.40754467  0.58810175  0.00134333  0.00301026] , [  9.99777444e-01   1.31348470e-04   8.02480244e-05   1.09596308e-05] , [  9.86417792e-01   1.15687554e-02   2.15023063e-04   1.79842943e-03] , [  9.86226071e-01   1.36173714e-02   4.70418762e-05   1.09515980e-04] , [ 0.96106289  0.01469059  0.00396077  0.02028576] , [ 0.94669881  0.00742241  0.00297936  0.04289942] , [ 0.44270682  0.49119239  0.00333461  0.06276618] , [ 0.00815997  0.39039333  0.43751518  0.16393152] , [  6.82293560e-01   3.14979542e-01   6.22675719e-04   2.10422160e-03] , [  9.80032978e-01   1.86661391e-02   1.39116914e-04   1.16176603e-03] , [  9.90645568e-01   7.99506859e-03   6.69832953e-06   1.35266537e-03] , [ 0.3530438   0.52829409  0.00787     0.1107921 ] , [  6.62662638e-01   3.20495631e-01   1.27493844e-04   1.67142366e-02] , [ 0.94011595  0.01852879  0.03794997  0.00340528] , [ 0.00446913  0.45333819  0.36345377  0.1787389 ] , [  9.86270556e-01   1.14058730e-02   1.51151790e-03   8.12053098e-04] , [  9.89267179e-01   1.02241603e-02   3.91221837e-04   1.17438906e-04] , [ 0.0824321   0.49900847  0.01576958  0.40278985] , [ 0.10829275  0.50108775  0.0194011   0.3712184 ] , [  9.85538232e-01   1.26252866e-02   1.41826302e-04   1.69465478e-03] , [ 0.50646439  0.45780098  0.01153454  0.02420009] , [ 0.92330323  0.03575787  0.03110552  0.00983339] , [ 0.23858883  0.6591347   0.05960068  0.04267579] , [ 0.0927327   0.75768067  0.04591783  0.1036688 ] , [  5.89533642e-01   3.83326431e-01   1.17567067e-04   2.70223595e-02] , [  9.99723353e-01   3.43112694e-05   1.03419640e-05   2.31993936e-04] , [ 0.22948672  0.73808484  0.00119053  0.0312379 ] , [ 0.04311291  0.68391061  0.06927743  0.20369905] , [ 0.00338911  0.47145753  0.36299125  0.16216211] , [ 0.35534223  0.47515302  0.12863845  0.04086629] , [ 0.13156332  0.67565156  0.00187959  0.19090553] , [  9.82817122e-01   1.28595132e-02   4.17584249e-03   1.47521917e-04] , [  9.92007056e-01   5.86736791e-03   1.01382513e-04   2.02419338e-03] , [ 0.41443993  0.57332968  0.01076214  0.00146825] , [ 0.98705137  0.00842331  0.0021674   0.00235792] , [ 0.00507046  0.5486813   0.38395137  0.06229687] , [ 0.19601655  0.76140894  0.04104197  0.00153255] , [ 0.28486529  0.61360882  0.06777095  0.03375494] , [  9.85243035e-01   1.37059605e-02   1.87173450e-04   8.63830895e-04] , [  9.99897479e-01   9.33477824e-05   9.21526468e-07   8.25156770e-06] , [  9.86606490e-01   1.06597687e-02   1.32163996e-05   2.72052463e-03] , [  6.28761713e-01   3.54708212e-01   4.92340769e-04   1.60377340e-02] , [ 0.00709698  0.5862478   0.31848457  0.08817066] , [  9.93847188e-01   6.02076309e-03   8.86292278e-07   1.31162752e-04] , [ 0.98871133  0.00494059  0.00355051  0.00279757] , [  6.54826291e-01   3.41939942e-01   5.46806893e-04   2.68696040e-03] , [ 0.90778588  0.02674979  0.05562911  0.00983522] , [ 0.17215861  0.54353728  0.00179206  0.28251206] , [ 0.91301293  0.02110476  0.03034285  0.03553945] , [ 0.95816922  0.03745303  0.00304425  0.0013335 ] , [ 0.00329131  0.51144903  0.40810476  0.0771549 ] , [ 0.0402319   0.76685122  0.15527378  0.0376431 ] , [ 0.07118839  0.85432156  0.06299297  0.01149708] , [  9.92449323e-01   7.34960600e-03   8.67364093e-05   1.14334900e-04] , [  9.96830892e-01   2.86587679e-03   1.38123477e-04   1.65108123e-04] , [ 0.53741228  0.44491753  0.0009345   0.01673569] , [ 0.2225443   0.68350762  0.07641487  0.01753321] , [ 0.5151434   0.48275728  0.0006826   0.00141672] , [  9.99434012e-01   5.46190714e-05   2.19678891e-04   2.91689551e-04] , [ 0.17771651  0.75481345  0.06576994  0.00170011] , [ 0.59296829  0.35498183  0.00217458  0.0498753 ] , [  9.99513693e-01   1.21005099e-04   1.39330703e-04   2.25970795e-04] , [ 0.93407352  0.01972252  0.00350683  0.04269712] , [  9.99733820e-01   7.13478006e-05   9.00144369e-06   1.85830329e-04] , [  7.38589906e-01   2.59883573e-01   6.70959395e-05   1.45942469e-03] , [  9.75033441e-01   2.39532281e-02   2.35483297e-04   7.77847840e-04] , [ 0.97590372  0.01875997  0.0023905   0.0029458 ] , [ 0.13500767  0.73030354  0.08197808  0.05271071] , [  9.99656200e-01   2.16342814e-04   5.16078602e-05   7.58495671e-05] , [  9.99547758e-01   2.33257542e-04   1.07051667e-04   1.11933243e-04] , [ 0.87282912  0.01568474  0.08536549  0.02612066] , [ 0.8827163   0.02010814  0.09479586  0.00237971] , [ 0.27691036  0.49245659  0.16914852  0.06148453] , [ 0.91056663  0.01140239  0.00280117  0.07522981] , [ 0.51978192  0.4676657   0.00073385  0.01181853] , [  6.95268797e-01   3.03376014e-01   3.72022548e-04   9.83166026e-04] , [  9.95867211e-01   3.98025591e-03   3.16840555e-05   1.20849159e-04] , [ 0.12367556  0.67420354  0.18664188  0.01547901] , [ 0.91340346  0.04551033  0.0320994   0.00898681] , [  9.86853270e-01   1.22063584e-02   7.88462875e-04   1.51908633e-04] , [  7.84674103e-01   2.13144383e-01   1.44385540e-04   2.03712791e-03] , [  8.51384775e-01   1.47334110e-01   1.32161810e-05   1.26789906e-03] , [  9.85003296e-01   1.25966332e-02   8.66652078e-05   2.31340577e-03] , [ 0.97321134  0.0072309   0.00149068  0.01806708] , [  8.00371574e-01   1.98349243e-01   5.07836158e-04   7.71347202e-04] , [  9.66360335e-01   1.74105361e-02   6.54641358e-04   1.55744875e-02] , [ 0.66677461  0.3198219   0.01228602  0.00111747] , [  6.87073961e-01   2.99067112e-01   9.19566665e-05   1.37669701e-02] , [ 0.71826598  0.01859401  0.21165065  0.05148936] , [  9.71998979e-01   2.57571895e-02   7.84799227e-05   2.16535205e-03] , [  9.99444641e-01   3.96246446e-04   5.89919267e-05   1.00120506e-04] , [ 0.24144964  0.73943093  0.00602834  0.01309109] , [ 0.98379836  0.00883038  0.0049773   0.00239396] , [  9.73742325e-01   2.46400006e-02   5.57597402e-05   1.56191430e-03] , [ 0.1778923   0.68803811  0.12112212  0.01294747] , [ 0.91296703  0.0241069   0.03562581  0.02730026] , [ 0.79143618  0.20619404  0.00151339  0.00085638] , [  9.99587797e-01   1.56587091e-04   1.16044724e-05   2.44011258e-04] , [ 0.0125979   0.52629041  0.38467097  0.07644071] , [ 0.94580107  0.03647795  0.00327527  0.0144457 ] , [  9.68136746e-01   2.03292667e-02   8.98989657e-05   1.14440881e-02] , [  9.90838928e-01   7.79910766e-03   3.90203365e-05   1.32294439e-03] , [ 0.96169385  0.00835608  0.00161021  0.02833987] , [ 0.30779684  0.58101185  0.09187517  0.01931614] , [  9.79967303e-01   1.87915006e-02   1.13373784e-03   1.07458499e-04] , [ 0.3330244   0.64719505  0.01871139  0.00106916] , [ 0.70065097  0.23459899  0.00138268  0.06336736] , [ 0.93231655  0.03535601  0.01906398  0.01326345] , [  9.90815964e-01   8.93568694e-03   1.57678392e-05   2.32580950e-04] , [ 0.20744966  0.7494763   0.03118364  0.01189041] , [  9.92295621e-01   4.40811711e-03   2.11567602e-05   3.27510516e-03] , [ 0.25509002  0.71055449  0.01084149  0.023514  ] , [ 0.02775315  0.67650773  0.10575715  0.18998197] , [ 0.00884065  0.64686724  0.25565068  0.08864143] , [ 0.96840596  0.00778312  0.02086066  0.00295025] , [  9.84245494e-01   1.23613147e-02   1.58049114e-04   3.23514223e-03] , [  9.89917700e-01   9.84308707e-03   1.32424508e-04   1.06788469e-04] , [ 0.05773087  0.84515407  0.08516656  0.01194851] , [ 0.8695453   0.01568084  0.06388036  0.0508935 ] , [  7.56502362e-01   2.26740913e-01   6.17409813e-05   1.66949841e-02] , [ 0.98798413  0.00884466  0.0015954   0.00157582] , [  9.81216017e-01   1.78475335e-02   9.88271946e-05   8.37621988e-04] , [ 0.15982805  0.72090401  0.01976638  0.09950155] , [  9.99816261e-01   1.47348878e-04   2.51425794e-05   1.12474283e-05] , [  9.94225096e-01   5.57743012e-03   5.11797005e-06   1.92355702e-04] , [ 0.96961801  0.02356852  0.00473364  0.00207982] , [  9.76056041e-01   2.23569211e-02   1.39707739e-03   1.89960321e-04] , [ 0.25726091  0.6847881   0.04472459  0.0132264 ] , [  6.76316095e-01   3.21436572e-01   3.75222394e-04   1.87211036e-03] , [  9.94978225e-01   4.82767817e-03   8.85727092e-06   1.85239677e-04] , [ 0.11033528  0.80339045  0.0570082   0.02926607] , [ 0.88714914  0.01040218  0.0022878   0.10016087] , [ 0.39555911  0.60072457  0.0015936   0.00212273] , [ 0.98513042  0.00773392  0.00232524  0.00481043] , [  9.87710066e-01   1.10143791e-02   1.59801467e-04   1.11575307e-03] , [  9.99790997e-01   1.39934481e-04   5.84701172e-05   1.05987388e-05] , [ 0.98036346  0.00747658  0.00923351  0.00292645] , [ 0.98059245  0.01656395  0.00146708  0.00137652] , [ 0.04690813  0.61243978  0.02245824  0.31819386] , [  9.96467526e-01   3.35544712e-03   1.16127414e-05   1.65414045e-04] , [ 0.97344637  0.01623104  0.0090159   0.00130669] , [ 0.94421012  0.0083394   0.00502109  0.04242938] , [ 0.98590122  0.0098251   0.00215581  0.00211787] , [  9.98493677e-01   3.41715324e-04   1.34278743e-04   1.03032921e-03] , [  9.91064270e-01   7.63361241e-03   1.80108577e-04   1.12200931e-03] , [ 0.01639094  0.60452175  0.36494627  0.01414103] , [  9.82393183e-01   1.73411223e-02   4.27547860e-05   2.22939510e-04] , [  9.98022715e-01   1.04857395e-04   9.67808405e-05   1.77564713e-03] , [ 0.00278921  0.43580447  0.45349347  0.10791285] , [ 0.96523429  0.02477875  0.00247004  0.00751692] , [ 0.35660603  0.60446374  0.01662419  0.02230604] , [  9.92248481e-01   6.62721580e-03   2.05713395e-04   9.18590072e-04] , [  6.21576478e-01   3.77066763e-01   5.77784995e-05   1.29898130e-03] , [ 0.335617    0.62394738  0.00331768  0.03711794] , [ 0.45930674  0.53778245  0.00088887  0.00202194] , [ 0.98151753  0.0086566   0.00636192  0.00346395] , [ 0.00139625  0.33298958  0.43388313  0.23173104] , [  7.15831086e-01   2.49047388e-01   1.09270158e-04   3.50122551e-02] , [ 0.23075032  0.72191196  0.04614716  0.00119056] , [  6.87688583e-01   3.10857835e-01   1.01592639e-04   1.35198985e-03] , [ 0.02021566  0.6434828   0.12112578  0.21517575] , [  6.54081481e-01   3.44405962e-01   5.59892505e-05   1.45656812e-03] , [ 0.40433701  0.50493246  0.01106679  0.07966374] , [ 0.3243391   0.44066862  0.18718128  0.047811  ] , [ 0.98297604  0.00710596  0.00608557  0.00383243] , [  9.79129045e-01   1.58124710e-02   2.35505757e-04   4.82297842e-03] , [ 0.42829718  0.48254928  0.05496053  0.03419302] , [ 0.93882324  0.01844547  0.0014952   0.0412361 ] , [ 0.45003569  0.54614599  0.00150257  0.00231574] , [  9.62199695e-01   2.47355444e-02   1.21155021e-02   9.49258426e-04] , [ 0.05603122  0.68506162  0.08302355  0.17588362] , [  6.58794282e-01   3.39500452e-01   2.48293844e-04   1.45697256e-03] , [ 0.42228886  0.55417288  0.0009857   0.02255256] , [  9.91524314e-01   5.40636629e-03   6.23363782e-06   3.06308623e-03] , [  5.60941683e-01   4.37299198e-01   3.86998325e-04   1.37212103e-03] , [ 0.43805513  0.53579951  0.00265634  0.02348902] , [ 0.02490856  0.74473202  0.04335059  0.18700883] , [ 0.08158368  0.36481597  0.00356724  0.55003311] , [  9.83438739e-01   1.53065875e-02   8.25411578e-05   1.17213224e-03] , [ 0.14862428  0.79089372  0.05830517  0.00217682] , [  9.97395590e-01   1.95536766e-04   1.72858099e-04   2.23601509e-03] , [ 0.38934925  0.5428699   0.00241132  0.06536954] , [  9.95328671e-01   5.42374906e-04   2.83732565e-03   1.29162829e-03] , [  9.84243578e-01   1.32072111e-02   1.99634673e-04   2.34957674e-03] , [ 0.53887547  0.39524872  0.00193837  0.06393744] , [ 0.01610161  0.56644408  0.06187748  0.35557684] , [  9.88828267e-01   7.29658578e-03   1.83415923e-04   3.69173151e-03] , [ 0.0251035   0.58712795  0.34447441  0.04329414] , [ 0.67546895  0.3120258   0.00314323  0.00936202] , [ 0.44753452  0.49823689  0.00273376  0.05149483] , [  9.82988674e-01   1.22484386e-02   7.28930845e-04   4.03395649e-03] , [ 0.00222574  0.34097327  0.40579573  0.25100526] , [  9.97707406e-01   4.95020687e-04   8.78581154e-04   9.18991668e-04] , [ 0.00556886  0.50468686  0.30787575  0.18186853] , [ 0.92263816  0.02534509  0.0258997   0.02611704] , [  7.58488833e-01   2.40274508e-01   7.75197465e-05   1.15913954e-03] , [ 0.9651575   0.02328159  0.01021599  0.00134492] , [ 0.96502372  0.01584002  0.01442667  0.00470959] , [ 0.93891802  0.01529919  0.04316408  0.00261871] , [  9.95645072e-01   4.10416032e-03   7.51430179e-06   2.43253491e-04] , [  9.95085255e-01   2.96619637e-04   2.59617502e-03   2.02195067e-03] , [ 0.92255085  0.01165487  0.03773366  0.02806062] , [  9.82876876e-01   1.68319848e-02   1.80334482e-04   1.10805126e-04] , [ 0.93770696  0.01265923  0.01469199  0.03494181] , [ 0.98164983  0.0081167   0.00534443  0.00488904] , [ 0.98719514  0.00860973  0.00113358  0.00306154] , [  9.99815398e-01   1.72900201e-04   3.45721131e-06   8.24465839e-06] , [  9.99578442e-01   1.08320526e-04   8.30561128e-05   2.30181511e-04] , [ 0.52661592  0.42712523  0.0025193   0.04373955] , [ 0.0271908   0.45789114  0.04395863  0.47095943] , [  6.87756770e-01   2.68719173e-01   2.97700610e-04   4.32263559e-02] , [ 0.94649105  0.01874793  0.00798574  0.02677528] , [  9.90854241e-01   8.13757574e-03   2.14504416e-04   7.93678588e-04] , [  9.38060788e-01   3.28812742e-02   2.81825882e-02   8.75349678e-04] , [ 0.94998423  0.02781865  0.020452    0.00174512] , [ 0.48557726  0.4882996   0.00140916  0.02471398] , [  9.75754435e-01   2.15651061e-02   6.36741929e-04   2.04371702e-03] , [  9.92702275e-01   3.94854968e-03   1.26134477e-05   3.33656183e-03] , [ 0.00351141  0.45873855  0.33145349  0.20629655] , [  8.31196806e-01   1.67017002e-01   3.37480416e-05   1.75244388e-03] , [ 0.96425319  0.01833988  0.00151426  0.01589267] , [  9.99594259e-01   1.66235771e-04   1.06555411e-04   1.32950177e-04] , [  9.81458815e-01   1.79424442e-02   4.92851783e-04   1.05888579e-04] , [ 0.2767105   0.62532923  0.07715588  0.02080439] , [ 0.95112517  0.03240123  0.00193234  0.01454126] , [ 0.34211882  0.55085099  0.03308344  0.07394675] , [  9.90295979e-01   9.40439838e-03   1.29100466e-04   1.70521891e-04] , [ 0.95712084  0.01381331  0.0263799   0.00268595] , [  9.96787839e-01   1.99496529e-04   2.14546814e-04   2.79811724e-03] , [ 0.97120046  0.01512523  0.0102794   0.00339492] , [  9.99945733e-01   4.45382290e-05   1.00666715e-06   8.72173945e-06] , [ 0.86767821  0.02427223  0.08148306  0.0265665 ] , [ 0.89657492  0.02759799  0.05128836  0.02453873] , [  9.99525138e-01   9.28137573e-05   1.21085891e-04   2.60961930e-04] , [ 0.28624516  0.64797203  0.05349624  0.01228657] , [  9.89940939e-01   7.07337521e-03   4.73264442e-04   2.51242127e-03] , [  9.99890338e-01   7.03070851e-05   2.74661630e-05   1.18886037e-05] , [ 0.97961691  0.01327004  0.00513944  0.0019736 ] , [  9.99912278e-01   6.76271525e-05   9.29021697e-06   1.08050624e-05] , [ 0.97242685  0.01323559  0.01168081  0.00265675] , [ 0.41460434  0.5552569   0.00560842  0.02453035] , [ 0.98775143  0.0088049   0.00128625  0.00215742] , [  9.86346498e-01   1.18656384e-02   2.79706900e-04   1.50815689e-03] , [ 0.00142815  0.31746434  0.4078495   0.27325801] , [ 0.98367242  0.01311299  0.00144949  0.00176511] , [ 0.94248508  0.01957138  0.01740053  0.02054301] , [ 0.42792271  0.54784476  0.00149675  0.02273578] , [ 0.54614131  0.40984686  0.00100712  0.04300471] , [ 0.98420328  0.01120624  0.00189032  0.00270017] , [ 0.50112151  0.47890319  0.00761532  0.01235998] , [ 0.99185591  0.00365186  0.00148872  0.00300352] , [  9.99363020e-01   4.14939615e-04   8.30772492e-05   1.38962966e-04] , [ 0.49528128  0.48651222  0.00067841  0.01752809] , [  8.46228854e-01   1.52431680e-01   5.63413706e-06   1.33383227e-03] , [  9.91236913e-01   8.52707766e-03   6.84939387e-06   2.29160259e-04] , [ 0.80176435  0.03200924  0.14631908  0.01990734] , [ 0.09284846  0.76237237  0.1208548   0.02392437] , [ 0.28283547  0.23537387  0.00250721  0.47928345] , [ 0.02040146  0.45322729  0.03579081  0.49058044] , [ 0.00249975  0.52159206  0.40679119  0.06911701] , [  9.87903858e-01   1.19564691e-02   5.37242897e-05   8.59481892e-05] , [ 0.03540204  0.59892334  0.0182816   0.34739302] , [ 0.81857491  0.05471116  0.11745051  0.00926342] , [ 0.97379551  0.02265462  0.0014692   0.00208067] , [ 0.9902203   0.00652232  0.00213773  0.00111965] , [  9.77348170e-01   2.00138452e-02   1.90515178e-03   7.32833093e-04] , [  9.99620285e-01   6.07961178e-05   6.54532789e-05   2.53465881e-04] , [ 0.98925566  0.00744222  0.00187433  0.0014278 ] , [ 0.96248574  0.01746474  0.00455698  0.01549253] , [ 0.37202767  0.53481039  0.04914832  0.04401362] , [ 0.95709498  0.01786256  0.005666    0.01937645] , [ 0.13399826  0.77607169  0.07539755  0.01453251] , [  9.87368081e-01   1.08900146e-02   1.53935817e-03   2.02545776e-04] , [  9.81510393e-01   1.81649049e-02   9.84244705e-05   2.26277259e-04] , [ 0.17967226  0.75208352  0.0589665   0.00927772] , [  9.93131608e-01   6.41541516e-03   3.47348389e-04   1.05628641e-04] , [ 0.423665    0.44642727  0.07309913  0.0568086 ] , [ 0.87935238  0.00744015  0.0412186   0.07198886] , [  7.81625512e-01   2.16601977e-01   1.18110712e-04   1.65439979e-03] , [  9.99945072e-01   4.17512623e-05   8.45069647e-07   1.23316342e-05] , [ 0.90833075  0.01135465  0.02712248  0.05319212] , [ 0.98698685  0.00999133  0.00188826  0.00113356] , [  9.92195929e-01   6.66254055e-03   1.02540508e-03   1.16125673e-04] , [ 0.98545424  0.0115066   0.00165416  0.00138501] , [ 0.94508703  0.02950801  0.02417471  0.00123025] , [  9.90640965e-01   6.69124036e-03   8.88115381e-05   2.57898283e-03] , [  9.88734115e-01   1.03967401e-02   6.69506122e-04   1.99638538e-04] , [  9.98923781e-01   1.83222681e-04   7.51647417e-05   8.17831718e-04] , [ 0.49469558  0.43880922  0.00597473  0.06052047] , [  9.98310378e-01   1.57919798e-03   7.42180368e-06   1.03002198e-04] , [  9.92279052e-01   5.57647967e-03   2.35860855e-04   1.90860790e-03] , [ 0.04636453  0.74637497  0.01958987  0.18767064] , [ 0.9788691   0.01631581  0.00283698  0.00197811] , [ 0.512823    0.43007423  0.01533831  0.04176446] , [ 0.20433176  0.65244317  0.11010159  0.03312348] , [  9.94006464e-01   2.75403065e-03   1.41836017e-04   3.09766899e-03] , [  9.72021237e-01   2.51844857e-02   2.69459890e-03   9.96783744e-05] , [  9.95898831e-01   3.92053991e-03   5.33651815e-06   1.75292861e-04] , [  4.94688563e-01   4.88918792e-01   1.19976565e-04   1.62726682e-02] , [ 0.0342723   0.64074983  0.04231235  0.28266552] , [ 0.63059768  0.36591103  0.00185082  0.00164047] , [ 0.02006745  0.5794021   0.38947174  0.01105872] , [  9.93921692e-01   3.81331712e-03   2.65562606e-04   1.99942820e-03] , [ 0.66905285  0.32883759  0.00133115  0.00077842] , [  9.99370154e-01   9.71863831e-05   1.70505881e-04   3.62154082e-04] , [ 0.95408525  0.01673099  0.00347112  0.02571263] , [ 0.91377377  0.03219057  0.05278555  0.00125011] , [ 0.30437721  0.5276034   0.11552604  0.05249335] , [  9.89443748e-01   9.93668793e-03   4.75670116e-04   1.43893791e-04] , [  9.91699957e-01   5.69892273e-03   1.23215012e-04   2.47790554e-03] , [  9.95632973e-01   4.24383824e-03   3.77338150e-05   8.54553178e-05] , [  9.95547719e-01   4.25001849e-03   8.66836147e-05   1.15578622e-04] , [  9.93208385e-01   6.67170315e-03   7.52388533e-06   1.12387841e-04] , [ 0.6976656   0.29972172  0.00185931  0.00075337] , [ 0.02330353  0.47808447  0.17220864  0.32640336] , [ 0.13357516  0.5758218   0.07497834  0.21562469] , [ 0.18975666  0.7461925   0.05074963  0.01330121] , [ 0.96329048  0.01472183  0.01938661  0.00260109] , [ 0.51836468  0.47638219  0.00346151  0.00179163] , [ 0.33336716  0.59995664  0.0643412   0.002335  ] , [  9.03510674e-01   3.39519831e-02   6.16608702e-02   8.76473005e-04] , [ 0.50698749  0.48941254  0.00254797  0.00105199] , [ 0.47755082  0.50653127  0.00065364  0.01526427] , [  9.87840791e-01   1.17540591e-02   2.66997284e-04   1.38153137e-04] , [ 0.73490776  0.22248403  0.00100899  0.04159923] , [ 0.19560197  0.6087419   0.1402255   0.05543063] , [ 0.81381172  0.01475548  0.07621586  0.09521694] , [ 0.47426708  0.5132632   0.00305704  0.00941268] , [ 0.18686623  0.75841454  0.00612015  0.04859908] , [  9.91277563e-01   7.50635218e-03   1.32024681e-05   1.20288254e-03] , [ 0.29064832  0.64732877  0.00201134  0.06001158] , [  9.99783005e-01   1.24566531e-04   6.98486605e-06   8.54435991e-05] , [ 0.87916203  0.01119569  0.00539263  0.10424965] , [ 0.94844318  0.01987973  0.00180124  0.02987584] , [ 0.97785185  0.01737392  0.00337532  0.00139891] , [  9.99913330e-01   7.12089201e-05   3.99465325e-06   1.14661035e-05] , [ 0.01185115  0.32192822  0.32657349  0.33964714] , [ 0.95919219  0.02326552  0.01656025  0.00098204] , [ 0.40144618  0.57955329  0.006743    0.01225752] , [ 0.41963859  0.52099162  0.00684682  0.05252296] , [  7.46492842e-01   2.25712721e-01   1.24619750e-04   2.76698174e-02] , [ 0.40344564  0.55911735  0.0361456   0.00129142] , [ 0.89614602  0.02493534  0.04447862  0.03444002] , [  7.66805983e-01   2.31476568e-01   6.56285354e-05   1.65182070e-03] , [  9.98835509e-01   3.26403877e-04   9.53753203e-05   7.42711607e-04] , [  9.67416397e-01   2.79842859e-02   4.50168943e-03   9.76280874e-05] , [ 0.98319891  0.01313927  0.00236935  0.00129247] , [  9.95323730e-01   1.08955447e-04   1.96033708e-04   4.37128118e-03] , [ 0.11392489  0.72983766  0.13723346  0.019004  ] , [  5.36644606e-01   4.52149605e-01   8.04265544e-05   1.11253624e-02] , [  9.91993074e-01   7.90435080e-03   2.05160066e-05   8.20589565e-05] , [ 0.87855962  0.01183393  0.03760921  0.07199724] , [ 0.98475961  0.01152447  0.00270234  0.00101358] , [ 0.1712123   0.64365462  0.15015897  0.03497411] , [  7.14265371e-01   2.74769563e-01   1.05186611e-04   1.08598787e-02] , [  9.93303284e-01   4.28622342e-03   2.05143576e-04   2.20534889e-03] , [  9.96595150e-01   3.25733245e-03   4.66387039e-05   1.00878543e-04] , [ 0.03256899  0.68500885  0.27125024  0.01117192] , [ 0.09278658  0.52142995  0.00290588  0.38287759] , [  9.89327882e-01   6.95745048e-03   7.96251032e-05   3.63504195e-03] , [ 0.52245824  0.41984452  0.00399336  0.05370387] , [  9.85737295e-01   1.18164171e-02   1.12283395e-04   2.33400500e-03] , [ 0.66522796  0.33080371  0.00320682  0.00076151] , [  9.61140497e-01   3.57422344e-02   2.15845247e-03   9.58816435e-04] , [  9.86848172e-01   1.17523150e-02   1.29456478e-03   1.04948172e-04] , [ 0.01052297  0.44302722  0.07486155  0.47158827] , [ 0.86233026  0.0285126   0.07443143  0.0347257 ] , [ 0.97191907  0.01512827  0.01156581  0.00138685] , [  9.97637833e-01   1.90653023e-04   1.52468900e-04   2.01904530e-03] , [  9.90538624e-01   8.31821811e-03   1.12090279e-04   1.03106740e-03] , [ 0.96833959  0.00735716  0.00184481  0.02245844] , [ 0.02814594  0.64084947  0.0875996   0.24340499] , [ 0.88555705  0.02742724  0.05963166  0.02738405] , [  9.87275395e-01   6.55141901e-03   3.76491933e-04   5.79669413e-03] , [  9.02244516e-01   9.58437595e-02   5.72080952e-06   1.90600418e-03] , [  9.99601703e-01   1.77332048e-04   1.26929668e-04   9.40350501e-05] , [ 0.98126987  0.01555154  0.00123248  0.00194611] , [ 0.98341087  0.01365463  0.00140696  0.00152754] , [  9.71206011e-01   2.67366199e-02   1.96115015e-03   9.62192093e-05] , [ 0.17274543  0.80366997  0.00407221  0.01951239] , [ 0.98409301  0.01050829  0.00158673  0.00381197] , [  9.94517451e-01   4.92837433e-03   4.29439075e-04   1.24736085e-04] , [ 0.10600337  0.72582248  0.15509539  0.01307875] , [ 0.00327873  0.43603231  0.42534793  0.13534104] , [ 0.02171608  0.44113892  0.05919294  0.47795207] , [ 0.01048312  0.40901601  0.06076465  0.51973622] , [  9.99479203e-01   2.27003075e-04   7.60285715e-05   2.17765601e-04] , [  9.82839303e-01   1.52946890e-02   7.20362350e-04   1.14564537e-03] , [  9.87182852e-01   1.06167813e-02   1.01949814e-04   2.09841698e-03] , [  4.93488552e-01   4.56052690e-01   1.55976977e-04   5.03027807e-02] , [ 0.54227141  0.43744896  0.01921551  0.00106413] , [ 0.03732316  0.82277271  0.1287948   0.01110932] , [ 0.47957284  0.51798241  0.00060835  0.0018364 ] , [  9.99839540e-01   1.41732893e-04   8.50428013e-06   1.02223364e-05] , [ 0.02584438  0.62711005  0.03457431  0.31247126] , [  9.99666002e-01   2.74891531e-04   4.49299366e-05   1.41766113e-05] , [  9.99707893e-01   1.46728408e-04   1.34619464e-04   1.07590397e-05] , [ 0.99163387  0.0049705   0.00101