------------ LogisticRegression ------------
Predict Proba:
 [ 0.51277479  0.28452384  0.20270137] , [ 0.43290911  0.25345211  0.31363878] , [ 0.69759271  0.15555228  0.146855  ] , [ 0.22779413  0.22339596  0.5488099 ] , [ 0.63774367  0.0348775   0.32737882] , [ 0.48132078  0.2662216   0.25245762] , [ 0.55127941  0.11971015  0.32901044] , [ 0.28705966  0.30664817  0.40629217] , [ 0.37234685  0.37831878  0.24933437] , [ 0.09194874  0.40059342  0.50745784] , [ 0.49881636  0.26505462  0.23612902] , [ 0.20864214  0.18098832  0.61036954] , [ 0.62314081  0.0990838   0.27777539] , [ 0.72756628  0.10378486  0.16864886] , [ 0.35367985  0.26556027  0.38075988] , [ 0.26893628  0.31068571  0.42037801] , [ 0.23936108  0.26486834  0.49577058] , [ 0.56978039  0.14956142  0.28065819] , [ 0.31348967  0.17386488  0.51264544] , [ 0.75737345  0.10749412  0.13513243] , [ 0.24689567  0.44415765  0.30894668] , [ 0.26738073  0.24575216  0.4868671 ] , [ 0.61443956  0.23861335  0.14694708] , [ 0.29151544  0.26617725  0.44230731] , [ 0.74467946  0.08823819  0.16708235] , [ 0.46934621  0.19452716  0.33612664] , [ 0.79141514  0.09526552  0.11331933] , [ 0.7676153   0.09356409  0.13882061] , [ 0.01742918  0.31458066  0.66799016] , [ 0.28253017  0.30736448  0.41010535] , [ 0.38753942  0.09283222  0.51962836] , [ 0.60210709  0.11781197  0.28008094] , [ 0.3916063   0.21216219  0.39623151] , [ 0.34202055  0.15776885  0.5002106 ] , [ 0.15219712  0.25434837  0.59345451] , [ 0.39320767  0.39297936  0.21381297] , [ 0.39880212  0.39619707  0.20500081] , [ 0.45520839  0.1428358   0.40195582] , [ 0.583413    0.22601856  0.19056844] , [ 0.56451533  0.09379026  0.34169441] , [ 0.24280395  0.34542623  0.41176981] , [ 0.71581787  0.07079872  0.21338341] , [ 0.57547824  0.04807954  0.37644222] , [ 0.61704924  0.06352733  0.31942343] , [ 0.58263442  0.02931782  0.38804776] , [ 0.44269803  0.32010546  0.23719651] , [ 0.2628739   0.29312103  0.44400507] , [ 0.72143457  0.08004863  0.1985168 ] , [ 0.53285993  0.38408488  0.0830552 ] , [ 0.31953053  0.24006138  0.4404081 ] , [ 0.07551443  0.47875642  0.44572914] , [ 0.48050288  0.08211598  0.43738114] , [ 0.2809314   0.48261024  0.23645836] , [ 0.24029001  0.13173267  0.62797732] , [ 0.41320304  0.26766577  0.31913119] , [ 0.29505734  0.27178867  0.43315399] , [ 0.87104526  0.04301422  0.08594052] , [ 0.2989346  0.3809669  0.3200985] , [ 0.43154657  0.25702654  0.31142688] , [ 0.23406513  0.53589819  0.23003668] , [ 0.34314761  0.30863648  0.34821592] , [ 0.38757689  0.4793824   0.13304071] , [ 0.50094673  0.1723078   0.32674548] , [ 0.55194119  0.28850952  0.15954929] , [ 0.38534181  0.24106159  0.3735966 ] , [ 0.27332598  0.20019402  0.52648   ] , [ 0.62171206  0.11174721  0.26654073] , [ 0.14055835  0.56173434  0.29770731] , [ 0.21793421  0.33381092  0.44825487] , [ 0.71601703  0.07055082  0.21343215] , [ 0.32955913  0.44281563  0.22762524] , [ 0.36904955  0.19106536  0.43988509] , [ 0.40274574  0.3163039   0.28095036] , [ 0.7370634   0.0961758   0.16676081] , [ 0.71485077  0.16479379  0.12035544] , [ 0.44357338  0.3496553   0.20677132] , [ 0.1394255   0.43363377  0.42694073] , [ 0.38023137  0.17364295  0.44612567] , [ 0.67544772  0.01536468  0.3091876 ] , [ 0.34372979  0.44129323  0.21497698] , [ 0.3065777   0.34060436  0.35281794] , [ 0.29898376  0.33519902  0.36581722] , [ 0.52566298  0.0818988   0.39243822] , [ 0.35208953  0.48208029  0.16583017] , [ 0.28061286  0.44875218  0.27063496] , [ 0.42312968  0.35418617  0.22268416] , [ 0.29301382  0.33206949  0.3749167 ] , [ 0.30632537  0.37647897  0.31719565] , [ 0.52286537  0.0411235   0.43601113] , [ 0.51308692  0.11663816  0.37027492] , [ 0.69755743  0.15967713  0.14276543] , [ 0.40527069  0.32776307  0.26696624] , [ 0.55049321  0.12375543  0.32575136] , [ 0.01509893  0.39722332  0.58767775] , [ 0.34039113  0.18942243  0.47018644] , [ 0.53768695  0.25111624  0.21119681] , [ 0.36891676  0.39545541  0.23562783] , [ 0.50929536  0.23873426  0.25197038] , [ 0.28007652  0.27208298  0.4478405 ] , [ 0.44998985  0.38315182  0.16685833] , [ 0.44489431  0.30348996  0.25161573] , [ 0.38120694  0.1969001   0.42189296] , [ 0.55660285  0.15488657  0.28851057] , [ 0.34055014  0.52063336  0.1388165 ] , [ 0.3880793   0.24646912  0.36545158] , [ 0.20725322  0.35374347  0.43900331] , [ 0.27962312  0.34508258  0.3752943 ] , [ 0.26053493  0.30080191  0.43866316] , [ 0.50092713  0.09543761  0.40363526] , [ 0.80343882  0.04827939  0.1482818 ] , [ 0.2552558   0.49384665  0.25089755] , [ 0.61716401  0.16417275  0.21866324] , [ 0.47912319  0.22980861  0.2910682 ] , [ 0.50632094  0.12854702  0.36513204] , [ 0.50544282  0.22840657  0.26615062] , [ 0.62352693  0.10972744  0.26674563] , [ 0.65819245  0.10241036  0.23939719] , [ 0.30632537  0.37647897  0.31719565] , [ 0.5597487   0.09691443  0.34333686] , [ 0.16569877  0.36120054  0.47310069] , [ 0.48730046  0.1124572   0.40024233] , [ 0.78775841  0.09070965  0.12153194] , [ 0.2692803   0.22582128  0.50489842] , [ 0.26561065  0.30071227  0.43367709] , [ 0.32016098  0.25281902  0.42702   ] , [ 0.28767777  0.48501107  0.22731115] , [ 0.76319396  0.06355822  0.17324781] , [ 0.30401712  0.22600038  0.4699825 ] , [ 0.57779562  0.21831969  0.20388469] , [ 0.05675093  0.44009246  0.50315662] , [ 0.42737697  0.20318795  0.36943508] , [ 0.2703008   0.49948466  0.23021453] , [ 0.39134831  0.43689751  0.17175417] , [ 0.5252623   0.06728968  0.40744803] , [ 0.50339699  0.13893881  0.3576642 ] , [ 0.51494898  0.07195912  0.4130919 ] , [ 0.2095656  0.2810503  0.5093841] , [ 0.16775781  0.31957976  0.51266243] , [ 0.42131416  0.17314412  0.40554172] , [ 0.47487004  0.07828131  0.44684866] , [ 0.67387839  0.14591691  0.1802047 ] , [ 0.54296554  0.07398957  0.38304488] , [ 0.28624404  0.40263817  0.31111779] , [ 0.55885253  0.07419214  0.36695532] , [ 0.55183562  0.02291953  0.42524484] , [ 0.60302301  0.14786994  0.24910705] , [ 0.42680001  0.11993252  0.45326747] , [ 0.75373507  0.11309561  0.13316932] , [ 0.36383406  0.39633308  0.23983286] , [ 0.41072951  0.23876201  0.35050848] , [ 0.33387693  0.52907181  0.13705126] , [ 0.48669107  0.15161567  0.36169326] , [ 0.40463157  0.11661747  0.47875096] , [ 0.26796756  0.41052532  0.32150712] , [ 0.22882094  0.24258358  0.52859548] , [ 0.30615982  0.30272692  0.39111326] , [ 0.67504247  0.16329612  0.16166141] , [ 0.07354555  0.58749996  0.33895448] , [ 0.32871305  0.39551702  0.27576993] , [ 0.46122138  0.0443672   0.49441143] , [ 0.47251761  0.10211147  0.42537092] , [ 0.34869476  0.35572995  0.29557529] , [ 0.41709185  0.07068813  0.51222002] , [ 0.36193073  0.18523009  0.45283918] , [ 0.45617201  0.32745386  0.21637413] , [ 0.53619046  0.09048297  0.37332657] , [ 0.36354018  0.19633487  0.44012496] , [ 0.45387218  0.14612625  0.40000157] , [ 0.25292283  0.5413375   0.20573966] , [ 0.46395037  0.15111455  0.38493508] , [ 0.3322824   0.08783521  0.5798824 ] , [ 0.47643005  0.27641849  0.24715146] , [ 0.32146763  0.15265437  0.525878  ] , [ 0.71541516  0.02541017  0.25917467] , [ 0.72115577  0.06844065  0.21040358] , [ 0.20807356  0.46350799  0.32841844] , [ 0.43284872  0.34905546  0.21809582] , [ 0.25495431  0.22508276  0.51996292] , [ 0.73284438  0.0528398   0.21431582] , [ 0.38868658  0.27979757  0.33151584] , [ 0.35392204  0.38247896  0.263599  ] , [ 0.43082197  0.05194389  0.51723414] , [ 0.19260836  0.54607381  0.26131783] , [ 0.32568234  0.28133423  0.39298343] , [ 0.39150833  0.12610872  0.48238296] , [ 0.24821897  0.26377974  0.48800128] , [ 0.26630769  0.41842416  0.31526815] , [ 0.26612438  0.3828543   0.35102133] , [ 0.73146562  0.0875333   0.18100109] , [ 0.28442959  0.12545482  0.59011559] , [ 0.40377991  0.40549514  0.19072495] , [ 0.70979726  0.05372486  0.23647788] , [ 0.50258042  0.0768839   0.42053568] , [ 0.32502298  0.20951758  0.46545944] , [ 0.58334355  0.21510151  0.20155494] , [ 0.65013044  0.14462629  0.20524327] , [ 0.36906003  0.12876827  0.5021717 ] , [ 0.41994494  0.32558567  0.25446939] , [ 0.41091638  0.08277192  0.5063117 ] , [ 0.3980403   0.32080759  0.28115211] , [ 0.409731    0.16819564  0.42207336] , [ 0.40659473  0.30677198  0.28663329] , [ 0.38446288  0.39812775  0.21740937] , [ 0.36045399  0.28743525  0.35211076] , [ 0.35149908  0.41887646  0.22962446] , [ 0.53631245  0.15098794  0.31269961] , [ 0.39915256  0.38804333  0.21280412] , [ 0.56810537  0.1117324   0.32016223] , [ 0.46048011  0.12334914  0.41617075] , [ 0.24028671  0.37256131  0.38715198] , [ 0.18502     0.38101212  0.43396788] , [ 0.63372058  0.08772453  0.27855489] , [ 0.26277042  0.39865528  0.33857429] , [ 0.38725481  0.1393815   0.47336369] , [ 0.41606361  0.27034107  0.31359532] , [ 0.62944965  0.08289037  0.28765998] , [ 0.42781184  0.28800066  0.2841875 ] , [ 0.41438773  0.27047095  0.31514132] , [ 0.54972608  0.06517161  0.38510231] , [ 0.41083107  0.36991356  0.21925536] , [ 0.39539201  0.31423404  0.29037395] , [ 0.56632131  0.0554149   0.37826378] , [ 0.2958824   0.33811566  0.36600193] , [ 0.24551529  0.32980726  0.42467744] , [ 0.60043173  0.26394944  0.13561883] , [ 0.6070029   0.03349817  0.35949893] , [ 0.51446603  0.26552126  0.22001271] , [ 0.44929018  0.40528131  0.14542851] , [ 0.38359479  0.20824249  0.40816272] , [ 0.49681473  0.07030687  0.4328784 ] , [ 0.29243057  0.35337947  0.35418996] , [ 0.34966328  0.30055842  0.3497783 ] , [ 0.33499018  0.26575557  0.39925425] , [ 0.34663701  0.41958828  0.23377471] , [ 0.55017966  0.15701638  0.29280397] , [ 0.28117848  0.12575643  0.59306509] , [ 0.47032709  0.10146699  0.42820592] , [ 0.19255018  0.43181646  0.37563337] , [ 0.60149961  0.13690494  0.26159545] , [ 0.68444291  0.0707598   0.24479728] , [ 0.46205859  0.17870948  0.35923193] , [ 0.55199461  0.24936093  0.19864447] , [ 0.46790069  0.20078551  0.3313138 ] , [ 0.3932262   0.29931342  0.30746038] , [ 0.68455224  0.16398264  0.15146512] , [ 0.42446948  0.09273137  0.48279915] , [ 0.56187754  0.05180014  0.38632232] , [ 0.47373247  0.12021306  0.40605447] , [ 0.31521704  0.45442802  0.23035493] , [ 0.52507682  0.13657764  0.33834554] , [ 0.39606287  0.33331525  0.27062188] , [ 0.36110575  0.41805033  0.22084392] , [ 0.374748    0.15885351  0.46639849] , [ 0.47396654  0.27286916  0.25316429] , [ 0.56362506  0.163335    0.27303994] , [ 0.22882094  0.24258358  0.52859548] , [ 0.276661    0.26550063  0.45783836] , [ 0.5250594   0.2502719   0.22466869] , [ 0.81259153  0.01586323  0.17154525] , [ 0.71993447  0.09609007  0.18397547] , [ 0.57633037  0.17907099  0.24459864] , [ 0.54418363  0.09301487  0.36280151] , [ 0.59621689  0.19788535  0.20589776] , [ 0.56746365  0.10238831  0.33014804] , [ 0.35349055  0.10907531  0.53743414] , [ 0.34906915  0.3975625   0.25336835] , [ 0.69395531  0.0720209   0.23402379] , [ 0.24092702  0.26377569  0.49529728] , [ 0.3669295   0.12476594  0.50830456] , [ 0.22725285  0.50117634  0.27157081] , [ 0.5224547   0.07586062  0.40168468] , [ 0.55990367  0.05231543  0.38778091] , [ 0.2587797   0.28658687  0.45463343] , [ 0.15120321  0.18049477  0.66830201] , [ 0.48770111  0.22957607  0.28272282] , [ 0.49079899  0.15544028  0.35376073] , [ 0.73404196  0.08223815  0.18371989] , [ 0.4767445   0.37701328  0.14624223] , [ 0.42612726  0.07670381  0.49716893] , [ 0.41542313  0.17918683  0.40539004] , [ 0.35775344  0.22704701  0.41519955] , [ 0.54982006  0.07960601  0.37057393] , [ 0.28720109  0.52037406  0.19242485] , [ 0.36604008  0.41720489  0.21675502] , [ 0.27077336  0.2629389   0.46628774] , [ 0.45297267  0.18920933  0.357818  ] , [ 0.31269774  0.46588461  0.22141765] , [ 0.24539829  0.46733314  0.28726857] , [ 0.47707149  0.10491468  0.41801383] , [ 0.28583947  0.22011028  0.49405025] , [ 0.4213044   0.40173559  0.17696002] , [ 0.74749536  0.11245357  0.14005106] , [ 0.54257896  0.38021784  0.0772032 ] , [ 0.33327578  0.35615393  0.31057029] , [ 0.79446676  0.08752597  0.11800727] , [ 0.39611743  0.48968595  0.11419662] , [ 0.46712398  0.29928156  0.23359446] , [ 0.16309343  0.42239203  0.41451453] , [ 0.33477574  0.08332707  0.5818972 ] , [ 0.44236273  0.21239075  0.34524652] , [ 0.30136315  0.4447637   0.25387315] , [ 0.36792517  0.13937786  0.49269697] , [ 0.46263968  0.18392967  0.35343065] , [ 0.47684455  0.15762454  0.36553091] , [ 0.34859666  0.18503675  0.46636659] , [ 0.1945322   0.32349993  0.48196786] , [ 0.41048562  0.10554797  0.48396641] , [ 0.3245065   0.17418411  0.50130939] , [ 0.5183152   0.06541611  0.41626868] , [ 0.5830475   0.26131408  0.15563841] , [ 0.55054265  0.14888264  0.30057472] , [ 0.33481016  0.33567842  0.32951142] , [ 0.28253017  0.30736448  0.41010535] , [ 0.47730106  0.06253436  0.46016459] , [ 0.46687091  0.16674689  0.3663822 ] , [ 0.40276838  0.26417072  0.3330609 ] , [ 0.63150366  0.28916004  0.0793363 ] , [ 0.39809996  0.13362911  0.46827093] , [ 0.41483775  0.41960023  0.16556202] , [ 0.44523141  0.40278075  0.15198784] , [ 0.37272124  0.1531001   0.47417866] , [ 0.16738639  0.31995149  0.51266212] , [ 0.19530006  0.48493207  0.31976787] , [ 0.34372979  0.44129323  0.21497698] , [ 0.17575745  0.21214745  0.6120951 ] , [ 0.48503864  0.20355805  0.31140331] , [ 0.32463991  0.28791953  0.38744056] , [ 0.51531201  0.13809746  0.34659053] , [ 0.49065371  0.08419014  0.42515615] , [ 0.46776226  0.12131054  0.4109272 ] , [ 0.38320492  0.0629792   0.55381588] , [ 0.25401     0.28733473  0.45865527] , [ 0.42028012  0.07890773  0.50081214] , [ 0.68128898  0.07949812  0.23921289] , [ 0.58824629  0.05461424  0.35713947] , [ 0.68378441  0.0839916   0.23222399] , [ 0.3846223   0.17563665  0.43974105] , [ 0.32763116  0.3086159   0.36375294] , [ 0.38455302  0.18360114  0.43184584] , [ 0.25761478  0.31704831  0.42533691] , [ 0.34959177  0.36775188  0.28265635] , [ 0.35880243  0.29431398  0.34688358] , [ 0.31026142  0.42580357  0.26393501] , [ 0.32701075  0.3531212   0.31986805] , [ 0.71057357  0.12694333  0.1624831 ] , [ 0.41749048  0.15691209  0.42559743] , [ 0.44929018  0.40528131  0.14542851] , [ 0.31732631  0.46158348  0.2210902 ] , [ 0.45137268  0.14326411  0.40536321] , [ 0.34965479  0.28945159  0.36089362] , [ 0.28370091  0.39509156  0.32120753] , [ 0.44068694  0.38895166  0.1703614 ] , [ 0.43605798  0.46808001  0.09586202] , [ 0.52498677  0.27585116  0.19916207] , [ 0.59957985  0.18610249  0.21431766] , [ 0.46879393  0.37843447  0.1527716 ] , [ 0.57493481  0.08374693  0.34131826] , [ 0.54898918  0.07275587  0.37825495] , [ 0.21958902  0.30429336  0.47611762] , [ 0.42259454  0.18839398  0.38901148] , [ 0.49966311  0.04628974  0.45404715] , [ 0.68767264  0.16711263  0.14521473] , [ 0.52449621  0.10144603  0.37405776] , [ 0.2879055   0.45587675  0.25621775] , [ 0.29622721  0.5372099   0.16656289] , [ 0.22296921  0.39457689  0.38245389] , [ 0.30929822  0.25255706  0.43814473] , [ 0.30562314  0.27419207  0.4201848 ] , [ 0.24054264  0.30454986  0.4549075 ] , [ 0.49313084  0.17011045  0.33675871] , [ 0.40618025  0.12365078  0.47016897] , [ 0.26763227  0.20734137  0.52502636] , [ 0.65805366  0.16511449  0.17683185] , [ 0.31239371  0.41077563  0.27683066] , [ 0.23111406  0.39891662  0.36996932] , [ 0.39033313  0.13707203  0.47259484] , [ 0.80140092  0.08441597  0.11418312] , [ 0.30209508  0.32952232  0.3683826 ] , [ 0.70276292  0.08642968  0.2108074 ] , [ 0.43447558  0.07345738  0.49206704] , [ 0.35099099  0.37536926  0.27363975] , [ 0.25447014  0.4097713   0.33575857] , [ 0.53484425  0.04569691  0.41945884] , [ 0.05913948  0.29555474  0.64530578] , [ 0.39531967  0.41675694  0.1879234 ] , [ 0.31194189  0.29406059  0.39399752] , [ 0.40916517  0.41422616  0.17660867] , [ 0.53303613  0.23421935  0.23274453] , [ 0.2661999   0.32244665  0.41135345] , [ 0.4836855  0.3249376  0.1913769] , [ 0.53205804  0.08064392  0.38729804] , [ 0.67481222  0.17380638  0.1513814 ] , [ 0.18098326  0.3145827   0.50443404] , [ 0.61447427  0.21212393  0.1734018 ] , [ 0.15281542  0.36751459  0.47966999] , [ 0.43174596  0.40593856  0.16231547] , [ 0.25593661  0.55450273  0.18956067] , [ 0.40038552  0.13881196  0.46080252] , [ 0.40179953  0.20772689  0.39047358] , [ 0.64268706  0.04548031  0.31183263] , [ 0.28925531  0.42233406  0.28841063] , [ 0.37017896  0.44733842  0.18248262] , [ 0.37849146  0.31206632  0.30944222] , [ 0.52431209  0.05802201  0.4176659 ] , [ 0.40862918  0.10186946  0.48950136] , [ 0.7194499   0.16110808  0.11944202] , [ 0.21468854  0.28976816  0.4955433 ] , [ 0.60862474  0.20636033  0.18501493] , [ 0.3472165   0.26542183  0.38736167] , [ 0.57233759  0.1216462   0.30601621] , [ 0.34643883  0.16700253  0.48655864] , [ 0.28982949  0.35753892  0.35263159] , [ 0.57367072  0.31084753  0.11548175] , [ 0.29435246  0.48180002  0.22384752] , [ 0.53285993  0.38408488  0.0830552 ] , [ 0.36751914  0.48700381  0.14547705] , [ 0.42226337  0.45507866  0.12265797] , [ 0.23671481  0.34970376  0.41358143] , [ 0.70044182  0.04033672  0.25922145] , [ 0.53975933  0.08365124  0.37658944] , [ 0.56598092  0.33905475  0.09496433] , [ 0.50459386  0.13731241  0.35809373] , [ 0.3602593   0.19162593  0.44811477] , [ 0.42446948  0.09273137  0.48279915] , [ 0.58887871  0.2535462   0.15757509] , [ 0.39903635  0.21498032  0.38598333] , [ 0.24966917  0.200115    0.55021582] , [ 0.26906835  0.16720421  0.56372744] , [ 0.4174332   0.12551157  0.45705523] , [ 0.33393565  0.43892602  0.22713832] , [ 0.01253471  0.4250903   0.56237499] , [ 0.33960543  0.18563727  0.4747573 ] , [ 0.09523009  0.49157191  0.413198  ] , [ 0.27997628  0.4188513   0.30117242] , [ 0.3841784   0.42866504  0.18715656] , [ 0.47454011  0.39843618  0.12702371] , [ 0.33649373  0.2231985   0.44030777] , [ 0.48744681  0.04474278  0.46781041] , [ 0.28807039  0.26658365  0.44534596] , [ 0.10701558  0.36037498  0.53260945] , [ 0.47137658  0.17756117  0.35106225] , [ 0.5091398   0.14245876  0.34840144] , [ 0.05317431  0.19685187  0.74997382] , [ 0.61311961  0.20553107  0.18134932] , [ 0.37505918  0.36948279  0.25545803] , [ 0.4036492   0.34912181  0.24722898] , [ 0.52415831  0.0207695   0.4550722 ] , [ 0.23357118  0.22316565  0.54326317] , [ 0.63821083  0.07990515  0.28188401] , [ 0.45470714  0.23817364  0.30711922] , [ 0.50189268  0.07953739  0.41856994] , [ 0.40658262  0.17157684  0.42184054] , [ 0.38120694  0.1969001   0.42189296] , [ 0.35149908  0.41887646  0.22962446] , [ 0.22100975  0.26374783  0.51524242] , [ 0.73093195  0.12074288  0.14832517] , [ 0.39522716  0.15822569  0.44654714] , [ 0.33304905  0.37843151  0.28851944] , [ 0.42320047  0.39895004  0.17784949] , [ 0.27223432  0.24560197  0.48216371] , [ 0.36999614  0.50094863  0.12905523] , [ 0.40288548  0.1730537   0.42406082] , [ 0.34869476  0.35572995  0.29557529] , [ 0.45841764  0.39943506  0.1421473 ] , [ 0.50907792  0.36096319  0.12995889] , [ 0.46088657  0.23675307  0.30236035] , [ 0.63670228  0.05608546  0.30721226] , [ 0.2703008   0.49948466  0.23021453] , [ 0.46004251  0.26309231  0.27686518] , [ 0.72128084  0.1264362   0.15228296] , [ 0.44878379  0.15172854  0.39948768] , [ 0.84799767  0.04981455  0.10218778] , [ 0.43965043  0.45879252  0.10155705] , [ 0.22375505  0.34827464  0.42797032] , [ 0.36759057  0.28965669  0.34275274] , [ 0.5468057   0.02781107  0.42538323] , [ 0.48577733  0.33836333  0.17585934] , [ 0.57568978  0.09662368  0.32768654] , [ 0.56305919  0.2690468   0.16789401] , [ 0.46217669  0.15737262  0.38045069] , [ 0.40773304  0.19483363  0.39743333] , [ 0.27535567  0.25250408  0.47214025] , [ 0.53831449  0.36280316  0.09888235] , [ 0.31894709  0.47746702  0.20358589] , [ 0.31022434  0.36113972  0.32863594] , [ 0.35266644  0.22706712  0.42026643] , [ 0.54469529  0.16505208  0.29025263] , [ 0.53034465  0.15002835  0.319627  ] , [ 0.22882094  0.24258358  0.52859548] , [ 0.30317399  0.20786315  0.48896286] , [ 0.63833927  0.09432167  0.26733906] , [ 0.24584285  0.33070883  0.42344832] , [ 0.49074224  0.13863257  0.3706252 ] , [ 0.37496057  0.18519419  0.43984524] , [ 0.47176593  0.2808904   0.24734367] , [ 0.60869983  0.05177668  0.33952349] , [ 0.5232001   0.06913877  0.40766113] , [ 0.25401     0.28733473  0.45865527] , [ 0.59625126  0.16772051  0.23602823] , [ 0.51468398  0.02657295  0.45874306] , [ 0.62437284  0.05729639  0.31833076] , [ 0.52748793  0.04615912  0.42635295] , [ 0.31964253  0.39907737  0.28128009] , [ 0.13287292  0.63498886  0.23213823] , [ 0.53004058  0.16513417  0.30482525] , [ 0.6953747   0.08280668  0.22181862] , [ 0.60825413  0.19126413  0.20048174] , [ 0.67329353  0.14902359  0.17768288] , [ 0.29533522  0.44904629  0.25561849] , [ 0.0624216   0.32395449  0.61362391] , [ 0.37686191  0.17960347  0.44353462] , [ 0.74758024  0.1399623   0.11245746] , [ 0.35722043  0.10192963  0.54084994] , [ 0.55663106  0.32188747  0.12148147] , [ 0.43350963  0.35102475  0.21546562] , [ 0.42814566  0.30441354  0.2674408 ] , [ 0.66475358  0.04007872  0.2951677 ] , [ 0.29028812  0.17402126  0.53569062] , [ 0.77179893  0.08921761  0.13898346] , [ 0.85408079  0.02826376  0.11765545] , [ 0.238785    0.43967189  0.3215431 ] , [ 0.51136328  0.07070858  0.41792813] , [ 0.25971467  0.28616454  0.45412078] , [ 0.39956482  0.1540907   0.44634448] , [ 0.22057915  0.40561923  0.37380162] , [ 0.37659709  0.40270379  0.22069912] , [ 0.39955106  0.06635672  0.53409222] , [ 0.24275606  0.36232536  0.39491858] , [ 0.17823841  0.29996124  0.52180035] , [ 0.39569267  0.08630624  0.51800109] , [ 0.48014359  0.09135052  0.42850589] , [ 0.52239535  0.24442676  0.23317789] , [ 0.24013459  0.2643184   0.49554701] , [ 0.16367537  0.19986582  0.63645882] , [ 0.30030818  0.43804615  0.26164567] , [ 0.2503155   0.20704599  0.54263851] , [ 0.59174743  0.15218545  0.25606712] , [ 0.3177462   0.42165606  0.26059773] , [ 0.44961028  0.09796175  0.45242797] , [ 0.38855693  0.31508852  0.29635455] , [ 0.11694868  0.26436631  0.61868502] , [ 0.39662435  0.22189906  0.38147659] , [ 0.30225608  0.27352135  0.42422257] , [ 0.30243982  0.13843236  0.55912782] , [ 0.55377989  0.05534336  0.39087675] , [ 0.29360405  0.259405    0.44699094] , [ 0.23355508  0.24992936  0.51651556] , [ 0.55157578  0.03250875  0.41591547] , [ 0.30668198  0.1516645   0.54165353] , [ 0.62343013  0.11241028  0.26415959] , [ 0.29631672  0.27230257  0.43138071] , [ 0.2694665   0.09537463  0.63515887] , [ 0.2686424  0.2383257  0.4930319] , [ 0.46786773  0.03394638  0.49818589] , [ 0.27468032  0.37061208  0.3547076 ] , [ 0.34981459  0.17358211  0.4766033 ] , [ 0.29802334  0.1725324   0.52944427] , [ 0.30365747  0.20120254  0.49514   ] , [ 0.28940592  0.42273718  0.28785691] , [ 0.22132529  0.44169127  0.33698345] , [ 0.37626455  0.23336042  0.39037503] , [ 0.57429083  0.26672175  0.15898742] , [ 0.5610835   0.32127087  0.11764563] , [ 0.436149   0.3859491  0.1779019] , [ 0.45854495  0.28160778  0.25984727] , [ 0.49752939  0.07499987  0.42747074] , [ 0.20625152  0.37150276  0.42224571] , [ 0.49592792  0.11269005  0.39138203] , [ 0.67702442  0.14154354  0.18143204] , [ 0.485056    0.36115802  0.15378598] , [ 0.59725517  0.1214024   0.28134243] , [ 0.26386661  0.35198251  0.38415088] , [ 0.54547714  0.2198973   0.23462556] , [ 0.82640283  0.05793079  0.11566637] , [ 0.34094138  0.25315534  0.40590329] , [ 0.33652177  0.20666294  0.45681529] , [ 0.36752536  0.14381554  0.4886591 ] , [ 0.32898492  0.45316248  0.2178526 ] , [ 0.05543368  0.37869365  0.56587267] , [ 0.74538527  0.05515435  0.19946038] , [ 0.58064351  0.12544062  0.29391588] , [ 0.38075417  0.21905362  0.40019221] , [ 0.39260186  0.12080849  0.48658966] , [ 0.66697124  0.09093038  0.24209838] , [ 0.43815889  0.23893015  0.32291096] , [ 0.74260386  0.09926173  0.15813441] , [ 0.5736635   0.29379075  0.13254574] , [ 0.27483968  0.19421989  0.53094043] , [ 0.24054264  0.30454986  0.4549075 ] , [ 0.36649534  0.13886324  0.49464142] ]
log_loss: 1.00175837204 

------------ 		SVC         ------------
Predict Proba:
