------------ LogisticRegression ------------
Predict Proba:
 [  3.42846398e-04   2.00441300e-02   1.44833536e-02   8.94541188e-03
   1.07051096e-02   2.56685008e-01   6.65567947e-01   2.32261931e-02] , [  6.32601834e-04   2.64273253e-03   3.94375924e-03   2.77044051e-03
   2.50897670e-03   9.62535723e-01   2.07790638e-03   2.28878603e-02] , [ 0.02792188  0.04719786  0.03536267  0.01021688  0.00985648  0.83023806
  0.02181161  0.01739455] , [ 0.00240327  0.00349389  0.00532641  0.00526874  0.00584578  0.02611505
  0.01099298  0.94055389] , [  9.52560417e-01   2.04111239e-02   2.29005919e-03   6.32217901e-03
   4.65544534e-03   5.62357586e-04   8.85269574e-03   4.34572248e-03] , [ 0.0046072   0.02218817  0.02529578  0.00347075  0.00782127  0.86014916
  0.04327049  0.03319718] , [ 0.13342332  0.04422751  0.24071249  0.1933826   0.20276718  0.02160977
  0.1396285   0.02424862] , [  9.67595398e-01   5.18994654e-03   8.35812907e-04   3.69922508e-03
   9.48733540e-03   3.04327298e-03   5.03128255e-03   5.11772659e-03] , [ 0.5786584   0.00803799  0.10155415  0.1600142   0.10580859  0.03203248
  0.00473228  0.00916192] , [ 0.03426265  0.24389616  0.07828708  0.03949743  0.12424361  0.29305028
  0.17746684  0.00929595] , [ 0.01572436  0.0895682   0.09558229  0.21564645  0.29380297  0.01389588
  0.16498579  0.11079406] , [  9.66635171e-01   3.07635972e-03   1.17117268e-02   5.21710189e-03
   5.67007652e-03   8.96645626e-04   3.71090602e-03   3.08201234e-03] , [ 0.86772597  0.01842122  0.01003712  0.02007087  0.00793296  0.00541341
  0.00836433  0.06203412] , [ 0.79129895  0.02919919  0.02507183  0.03653359  0.04391082  0.01486751
  0.04590622  0.01321189] , [  9.91569429e-01   1.00472555e-03   1.28357841e-03   1.55157767e-03
   1.70143737e-03   2.62693170e-04   1.75463064e-03   8.71928265e-04] , [ 0.90783054  0.0286364   0.01148837  0.00386235  0.00639343  0.02905573
  0.011285    0.00144818] , [ 0.56798104  0.03733947  0.00383465  0.04701004  0.13530384  0.16920993
  0.02486171  0.01445931] , [ 0.3785992   0.25103475  0.00332901  0.03769347  0.01431591  0.00087625
  0.14637383  0.16777758] , [  2.18572876e-04   8.65154699e-03   9.19623473e-01   2.46965853e-02
   6.96659468e-03   7.68702083e-03   2.46327251e-02   7.52348064e-03] , [  1.97343672e-04   1.09399435e-03   3.34491951e-03   1.00679867e-03
   7.28442729e-04   3.07533159e-04   2.19579020e-03   9.91125178e-01] , [ 0.92961798  0.00751802  0.00704012  0.01284235  0.03385438  0.00334291
  0.00216181  0.00362242] , [ 0.0937186   0.03022104  0.27731615  0.20054486  0.35838354  0.00913311
  0.00533258  0.02535011] , [ 0.29481745  0.0646924   0.19208     0.06249529  0.13884528  0.15097903
  0.03540204  0.06068849] , [ 0.05091028  0.13260512  0.16289229  0.15778045  0.16956826  0.05718336
  0.10758893  0.1614713 ] , [  3.00193675e-05   5.32074928e-03   3.60604963e-03   5.60243344e-03
   5.43014446e-03   2.60200007e-02   1.92584478e-03   9.52064758e-01] , [ 0.05920364  0.19848137  0.13351318  0.06267939  0.14629903  0.20359945
  0.16949607  0.02672788] , [ 0.61689296  0.01635811  0.08961412  0.08693338  0.14282901  0.01575624
  0.028012    0.00360418] , [ 0.14292527  0.12587325  0.1486187   0.08949792  0.14664076  0.15911456
  0.13051504  0.05681451] , [ 0.7600219   0.07205573  0.01721015  0.00791258  0.02808368  0.01640136
  0.08800023  0.01031437] , [ 0.00144239  0.01785124  0.6278792   0.15033011  0.04119478  0.00649301
  0.14785952  0.00694976] , [ 0.93300703  0.00179802  0.00923611  0.03002726  0.00607413  0.0050893
  0.00143689  0.01333125] , [ 0.01365833  0.0227848   0.01749089  0.00940365  0.0103522   0.87935692
  0.01325447  0.03369874] , [ 0.4831261   0.04472752  0.01015849  0.02015044  0.10132201  0.0205407
  0.06471044  0.25526431] , [ 0.60900529  0.06559499  0.02098856  0.05603555  0.0572808   0.0057073
  0.15361723  0.03177029] , [ 0.78310344  0.07877868  0.02390068  0.00707257  0.01990792  0.00964639
  0.04973245  0.02785788] , [  3.34542969e-02   2.66976085e-02   7.56709790e-01   2.79607348e-02
   4.17848034e-02   6.07932080e-03   1.06769766e-01   5.43679126e-04] , [ 0.91818862  0.00892014  0.00604464  0.03022595  0.02264079  0.00159166
  0.00192017  0.01046801] , [  9.88122356e-01   5.62344529e-04   1.13770220e-03   2.87659471e-03
   1.72958385e-03   1.80308268e-03   1.10870184e-03   2.65963397e-03] , [ 0.00471986  0.00493698  0.97517289  0.00128825  0.00194909  0.00414061
  0.00269523  0.00509709] ]
log_loss: 0.988533187398 

------------ 		SVC         ------------
Predict Proba:
 [ 0.06381407  0.02339292  0.09039255  0.03706037  0.02664488  0.2827509
  0.3413889   0.13455541] , [ 0.09883201  0.03874713  0.07026024  0.05024969  0.03564248  0.45087557
  0.14123161  0.11416128] , [ 0.12504605  0.01994818  0.08196765  0.04041647  0.03186952  0.49692901
  0.13643688  0.06738625] , [ 0.11384386  0.01863752  0.07989197  0.04016511  0.02804044  0.119035
  0.1252505   0.4751356 ] , [ 0.81928028  0.00844645  0.04380352  0.02809231  0.02886377  0.02141239
  0.02856854  0.02153274] , [ 0.13259008  0.01491841  0.08745886  0.04174912  0.03299475  0.38614292
  0.18722082  0.11692504] , [ 0.56159965  0.01081609  0.19903273  0.09519672  0.01651172  0.04149532
  0.03779107  0.0375567 ] , [ 0.85551763  0.01040694  0.02801704  0.02112252  0.02966873  0.01803229
  0.01760822  0.01962662] , [ 0.69657387  0.01148525  0.1076279   0.08233854  0.01626329  0.03503165
  0.0239702   0.0267093 ] , [ 0.31793716  0.01446324  0.07761774  0.05243648  0.04289554  0.35359999
  0.08991755  0.05113231] , [ 0.62877408  0.01065748  0.10241071  0.1458307   0.00822793  0.03519633
  0.033582    0.03532077] , [ 0.82855778  0.01085322  0.04906452  0.02573228  0.02854755  0.01898877
  0.01961201  0.01864387] , [ 0.81450597  0.01009553  0.03968604  0.02085536  0.032364    0.03188559
  0.02517011  0.0254374 ] , [ 0.82041814  0.01126728  0.04781775  0.02468575  0.02939816  0.02655615
  0.02224358  0.01761318] , [ 0.81150602  0.01004345  0.05097987  0.03059024  0.02804971  0.02081832
  0.02733454  0.02067785] , [ 0.82773184  0.00828571  0.03652249  0.02281707  0.02890131  0.03027504
  0.02312492  0.02234164] , [ 0.83539544  0.01111016  0.02547509  0.0261721   0.0253142   0.03980328
  0.01927113  0.01745859] , [ 0.49932088  0.00650599  0.09273979  0.06809068  0.03319406  0.05877771
  0.14942547  0.09194541] , [ 0.10782505  0.03437902  0.40256634  0.09026028  0.08485593  0.07975706
  0.12056435  0.07979197] , [ 0.04848818  0.0260955   0.08334249  0.04316158  0.02653215  0.07100152
  0.12131166  0.58006694] , [ 0.84105576  0.01029269  0.0402569   0.0338527   0.02239238  0.0187794
  0.0164374   0.01693276] , [ 0.57052891  0.00989475  0.1593085   0.1575992   0.00772467  0.03110221
  0.02957597  0.03426578] , [ 0.74585911  0.01024739  0.07749189  0.03469096  0.02537111  0.05308017
  0.027249    0.02601036] , [ 0.62019036  0.00981326  0.12029619  0.12505923  0.01027006  0.03413087
  0.03468615  0.04555388] , [ 0.03476703  0.03157091  0.0536699   0.03685105  0.02398886  0.08106648
  0.08543622  0.65264956] , [ 0.44294943  0.01026329  0.07826694  0.04123712  0.03716463  0.27139208
  0.07456946  0.04415705] , [ 0.82311788  0.01125922  0.05797628  0.03407865  0.02302334  0.01838007
  0.01764451  0.01452004] , [ 0.68561902  0.01100651  0.08491944  0.04348896  0.02549904  0.07932373
  0.03553924  0.03460405] , [ 0.84089314  0.00920741  0.03193286  0.0169074   0.03216454  0.02574181
  0.02283573  0.02031711] , [ 0.08551815  0.0188333   0.59895109  0.09062334  0.04019809  0.04389385
  0.07571007  0.0462721 ] , [ 0.78843639  0.0114753   0.05484929  0.04201757  0.02567608  0.02436028
  0.02343725  0.02974784] , [ 0.17454308  0.0215115   0.08196086  0.04527603  0.03413629  0.46613009
  0.10653198  0.06991018] , [ 0.66019582  0.00990977  0.07059867  0.04305156  0.02841485  0.06961173
  0.05438755  0.06383004] , [ 0.80224422  0.01015556  0.0509105   0.02695076  0.02890129  0.02659876
  0.02950084  0.02473806] , [ 0.83131579  0.00916715  0.03871145  0.01655951  0.03355496  0.02540609
  0.02175313  0.02353192] , [ 0.17622595  0.01106023  0.59945958  0.05269604  0.0310961   0.04007969
  0.05526297  0.03411944] , [ 0.8446931   0.01072686  0.035627    0.03124284  0.02693171  0.01730121
  0.01671308  0.01676421] , [ 0.7391244   0.0099919   0.06578614  0.0413706   0.02751381  0.04591791
  0.03934906  0.03094618] , [ 0.13572399  0.01833387  0.52891608  0.03560545  0.06268466  0.06819751
  0.0713611   0.07917735] ]
log_loss: 1.31413451026 

------------ LogisticRegression ------------
Predict Proba:
 [ 0.3  0.   0.   0.   0.   0.   0.4  0.3] , [ 0.   0.   0.   0.   0.   0.7  0.2  0.1] , [ 0.2  0.   0.2  0.   0.   0.4  0.2  0. ] , [ 0.1  0.   0.2  0.   0.   0.   0.2  0.5] , [ 1.  0.  0.  0.  0.  0.  0.  0.] , [ 0.2  0.   0.1  0.   0.   0.4  0.1  0.2] , [ 0.3  0.   0.2  0.1  0.   0.2  0.1  0.1] , [ 1.  0.  0.  0.  0.  0.  0.  0.] , [ 0.5  0.1  0.2  0.   0.2  0.   0.   0. ] , [ 0.3  0.   0.   0.1  0.1  0.5  0.   0. ] , [ 0.4  0.   0.2  0.   0.2  0.2  0.   0. ] , [ 0.9  0.   0.1  0.   0.   0.   0.   0. ] , [ 0.9  0.   0.   0.   0.   0.1  0.   0. ] , [ 0.9  0.   0.1  0.   0.   0.   0.   0. ] , [ 0.9  0.   0.1  0.   0.   0.   0.   0. ] , [ 0.7  0.2  0.1  0.   0.   0.   0.   0. ] , [ 0.8  0.   0.   0.   0.   0.2  0.   0. ] , [ 0.5  0.   0.1  0.1  0.1  0.   0.1  0.1] , [ 0.1  0.   0.5  0.   0.   0.1  0.2  0.1] , [ 0.3  0.   0.1  0.   0.1  0.   0.   0.5] , [ 0.7  0.1  0.   0.   0.1  0.   0.1  0. ] , [ 0.5  0.   0.1  0.   0.3  0.   0.   0.1] , [ 0.7  0.   0.   0.   0.1  0.1  0.   0.1] , [ 0.8  0.   0.2  0.   0.   0.   0.   0. ] , [ 0.1  0.   0.   0.   0.   0.   0.4  0.5] , [ 0.3  0.   0.   0.1  0.   0.3  0.3  0. ] , [ 0.8  0.1  0.1  0.   0.   0.   0.   0. ] , [ 0.5  0.2  0.1  0.   0.1  0.   0.   0.1] , [ 1.  0.  0.  0.  0.  0.  0.  0.] , [ 0.4  0.   0.5  0.   0.   0.1  0.   0. ] , [ 0.7  0.1  0.   0.   0.1  0.   0.1  0. ] , [ 0.8  0.   0.   0.   0.   0.1  0.   0.1] , [ 0.3  0.   0.1  0.   0.3  0.2  0.   0.1] , [ 0.8  0.   0.   0.   0.1  0.   0.1  0. ] , [ 0.6  0.1  0.1  0.   0.   0.1  0.1  0. ] , [ 0.6  0.   0.3  0.   0.   0.   0.1  0. ] , [ 1.  0.  0.  0.  0.  0.  0.  0.] , [ 0.6  0.   0.1  0.1  0.   0.1  0.1  0. ] , [ 0.5  0.   0.2  0.   0.1  0.1  0.1  0. ] ]
log_loss: 7.56521209355 

