------------ LogisticRegression ------------
Predict Proba:
 [ 0.59636972  0.15065569  0.01453935  0.04995541  0.18847983] , [  8.55052286e-01   1.02290440e-01   6.45289501e-03   3.57259420e-02
   4.78437184e-04] , [ 0.29293748  0.47025036  0.06950017  0.07434825  0.09296374] , [ 0.24544134  0.28466844  0.11098239  0.23389309  0.12501473] , [ 0.17166021  0.1143683   0.29449692  0.2955906   0.12388397] , [ 0.81241389  0.12313543  0.00942666  0.01009935  0.04492467] , [ 0.76451111  0.10264069  0.04341155  0.0884      0.00103665] , [ 0.76522791  0.14102247  0.07142501  0.00812459  0.01420002] , [ 0.56314484  0.31828256  0.0329353   0.08395806  0.00167924] , [ 0.1730006   0.16243113  0.43746321  0.00249794  0.22460712] , [ 0.92614781  0.03985458  0.01905637  0.01327061  0.00167063] , [ 0.806256    0.16170057  0.02513893  0.00200754  0.00489696] , [ 0.80156769  0.11723304  0.00722177  0.01522321  0.0587543 ] , [ 0.29588422  0.29854947  0.23523725  0.15284167  0.01748739] , [ 0.58375275  0.33236464  0.05765642  0.02339787  0.00282831] , [ 0.04659879  0.68027856  0.22721382  0.04368382  0.00222502] , [ 0.00064305  0.17924243  0.384742    0.29108016  0.14429235] , [ 0.00934318  0.2261841   0.22237908  0.39458216  0.14751149] , [ 0.34800917  0.32878645  0.10824362  0.05950023  0.15546053] , [ 0.14350094  0.38999847  0.44032698  0.02414528  0.00202833] , [ 0.04578436  0.7172728   0.13787071  0.06884136  0.03023078] , [ 0.83858164  0.05685457  0.05462515  0.03597421  0.01396443] , [ 0.02376844  0.40444243  0.19909533  0.35453993  0.01815387] , [ 0.90060494  0.05152471  0.01930032  0.02504466  0.00352537] , [ 0.47200011  0.42268258  0.01460701  0.0289083   0.061802  ] , [ 0.87632146  0.10995154  0.00924027  0.00335404  0.0011327 ] , [ 0.54019761  0.30000921  0.13189809  0.0225563   0.00533879] , [ 0.55603076  0.42074216  0.01758007  0.00346068  0.00218633] , [ 0.81721598  0.1569678   0.01584767  0.00482962  0.00513893] , [ 0.0022809   0.48519081  0.32857221  0.16825954  0.01569653] , [ 0.68657355  0.15604327  0.13070604  0.02340918  0.00326796] , [  8.86556997e-01   8.26211694e-02   1.65819393e-02   1.34803342e-02
   7.59560451e-04] , [  8.79786788e-01   8.68323140e-02   3.04801477e-02   2.07982558e-03
   8.20924722e-04] , [ 0.80798001  0.13848235  0.02821211  0.01568162  0.00964392] , [ 0.0610087   0.47936878  0.25293304  0.14889089  0.05779859] , [ 0.01017448  0.59994068  0.20866616  0.15332668  0.027892  ] , [ 0.00123255  0.11545323  0.61909154  0.17646245  0.08776023] , [ 0.01515208  0.30467001  0.27969621  0.36254704  0.03793466] , [ 0.73771431  0.21362647  0.02351934  0.02033914  0.00480074] , [ 0.45635501  0.26283269  0.1117148   0.06538457  0.10371293] , [ 0.00772695  0.22148952  0.4858749   0.25041785  0.03449078] , [ 0.07131184  0.20697014  0.14457021  0.52906018  0.04808762] , [  6.06756835e-01   3.18686972e-01   5.95101622e-02   1.45735413e-02
   4.72489899e-04] , [  9.24202033e-01   3.17824353e-02   3.89247557e-02   4.37081644e-03
   7.19959708e-04] , [ 0.9101707   0.06377389  0.01698219  0.00765628  0.00141694] , [ 0.04350597  0.40295878  0.20148742  0.29102578  0.06102204] , [ 0.40726164  0.33845084  0.09423581  0.15924867  0.00080303] , [ 0.64760317  0.2172855   0.05478684  0.07337582  0.00694867] , [ 0.03648886  0.31863733  0.58453095  0.04777118  0.01257169] , [ 0.863264    0.08680743  0.0214922   0.01245424  0.01598213] , [ 0.7954823   0.13017901  0.05178967  0.01759407  0.00495495] , [  7.93480836e-01   1.24210132e-01   5.34954302e-02   2.87329644e-02
   8.06375151e-05] , [  7.92697477e-01   1.76979716e-01   1.71359816e-02   1.30421491e-02
   1.44676182e-04] , [ 0.81266763  0.13860074  0.01500583  0.01293511  0.02079069] , [ 0.71014088  0.11700522  0.02437658  0.04767854  0.10079878] , [ 0.86080363  0.10742181  0.00699271  0.01781503  0.00696682] , [ 0.64946561  0.25916448  0.04916132  0.03398715  0.00822145] , [ 0.0600795   0.33465403  0.3400034   0.18858665  0.07667641] , [  8.18554907e-01   7.74467367e-02   9.80771667e-02   5.25249866e-03
   6.68691173e-04] , [ 0.84920415  0.09552252  0.03842361  0.01279537  0.00405434] , [ 0.62841334  0.28458868  0.07706957  0.0057027   0.0042257 ] , [ 0.87105797  0.09065866  0.03058252  0.00284909  0.00485176] , [ 0.59807644  0.29160253  0.05129317  0.05647738  0.00255048] , [ 0.00198005  0.22487368  0.34410312  0.37081397  0.05822917] , [ 0.043843    0.43874605  0.26108373  0.25374647  0.00258075] , [ 0.38433896  0.17558524  0.22860358  0.20143055  0.01004168] , [ 0.08271323  0.11649903  0.40644492  0.35044357  0.04389924] , [ 0.0012084   0.19990819  0.23887649  0.47618359  0.08382333] , [ 0.81647255  0.15766679  0.01462556  0.00940391  0.00183119] , [ 0.1636219   0.36319927  0.33621361  0.13257458  0.00439065] , [ 0.01378872  0.27709256  0.04728837  0.0931108   0.56871955] , [ 0.00706407  0.45399895  0.26389982  0.08087143  0.19416574] , [  7.95071807e-01   1.37347979e-01   1.17271589e-02   5.56995309e-02
   1.53524256e-04] , [ 0.4338263   0.31356746  0.20147206  0.04744066  0.00369351] , [ 0.26391862  0.17428772  0.3439142   0.11169383  0.10618564] , [  7.88710473e-01   1.84095429e-01   2.00280399e-02   6.69450970e-03
   4.71548745e-04] , [ 0.0401491   0.43465948  0.26468108  0.24496708  0.01554326] , [ 0.00688327  0.41587408  0.19453264  0.32617917  0.05653085] , [ 0.22529243  0.47052462  0.27538305  0.02201064  0.00678927] , [ 0.89171468  0.05285132  0.03903443  0.00368798  0.01271159] , [  7.04282095e-01   1.75775365e-01   1.00385416e-01   1.93770092e-02
   1.80114106e-04] , [ 0.82460573  0.14211601  0.00787464  0.01314801  0.01225561] , [ 0.44383579  0.31661616  0.22909776  0.00873162  0.00171866] , [ 0.83456366  0.07093884  0.04563745  0.016677    0.03218304] , [ 0.00656927  0.25445515  0.45970413  0.18496329  0.09430816] , [ 0.72592469  0.22807561  0.02926279  0.01473381  0.0020031 ] , [ 0.82348084  0.11512063  0.02633202  0.01143679  0.02362972] , [ 0.01713973  0.48224251  0.3026594   0.19509034  0.00286801] , [ 0.50314276  0.37463832  0.09419971  0.02515393  0.00286527] , [ 0.00082993  0.29362959  0.41734496  0.27329891  0.01489661] , [ 0.89726137  0.06850114  0.01473758  0.01480429  0.00469562] , [ 0.00294937  0.24559277  0.16162888  0.56349561  0.02633337] , [ 0.81861724  0.13792161  0.02371577  0.01723617  0.00250922] , [ 0.04906347  0.15996425  0.30050404  0.47476149  0.01570676] , [ 0.16616694  0.43048172  0.22942775  0.11660369  0.0573199 ] , [ 0.00158986  0.24944846  0.48187979  0.22294235  0.04413954] , [ 0.49075233  0.11014634  0.31406216  0.08300027  0.0020389 ] , [  8.63595524e-01   1.15006191e-01   1.52501138e-02   5.92393099e-03
   2.24240460e-04] , [ 0.1288856   0.42365241  0.35864058  0.06669593  0.02212548] , [ 0.86015733  0.10181305  0.0213195   0.01500688  0.00170323] , [ 0.01344115  0.48888463  0.12993104  0.3622408   0.00550237] , [ 0.73985131  0.09585032  0.12926466  0.02589244  0.00914128] , [  6.99654642e-01   1.46930831e-01   1.29099634e-01   2.39283840e-02
   3.86509415e-04] , [ 0.90628932  0.05027186  0.00917267  0.01768937  0.01657677] , [ 0.58614209  0.24361637  0.14802274  0.00681899  0.01539981] , [ 0.68366768  0.24232739  0.05211861  0.01454631  0.00734001] , [ 0.59412572  0.29209631  0.09123163  0.00869782  0.01384852] , [ 0.80993817  0.072747    0.02420875  0.088998    0.00410807] , [ 0.37297209  0.39424656  0.10253088  0.0652484   0.06500207] , [ 0.85526221  0.1212973   0.01832697  0.00399131  0.00112221] , [ 0.01195066  0.43014458  0.316167    0.21340608  0.02833168] , [ 0.7070275   0.17150546  0.00994006  0.10528361  0.00624337] , [ 0.82334568  0.06683193  0.08245146  0.00388979  0.02348114] , [ 0.12426556  0.30469435  0.40497506  0.15490869  0.01115635] , [  8.57904962e-01   1.11154945e-01   2.37125917e-02   7.11707062e-03
   1.10430323e-04] , [ 0.76463182  0.19040223  0.03282762  0.00908325  0.00305509] , [ 0.63920982  0.04494451  0.27355841  0.04114761  0.00113965] , [ 0.18427258  0.46723289  0.17839156  0.05990824  0.11019474] , [ 0.94373064  0.02834384  0.00718162  0.01474432  0.00599957] ]
log_loss: 1.13247031414 

------------ 		SVC         ------------
Predict Proba:
 [ 0.50181723  0.18966206  0.13790325  0.13225763  0.03835983] , [ 0.50356862  0.18897879  0.13746693  0.13178949  0.03819617] , [ 0.52747514  0.16070537  0.13977871  0.1335289   0.03851188] , [ 0.50357009  0.18897819  0.1374666   0.13178909  0.03819603] , [ 0.50357007  0.1889782   0.13746661  0.13178907  0.03819604] , [ 0.50357009  0.18897819  0.1374666   0.13178909  0.03819603] , [ 0.50357009  0.18897819  0.1374666   0.13178909  0.03819603] , [ 0.50357009  0.18897819  0.1374666   0.13178909  0.03819603] , [ 0.5039468   0.18898522  0.13706158  0.13181331  0.03819309] , [ 0.50357009  0.18897819  0.1374666   0.13178909  0.03819603] , [ 0.50357009  0.18897819  0.1374666   0.13178909  0.03819603] , [ 0.50357012  0.18897815  0.13746661  0.13178909  0.03819603] , [ 0.50357009  0.18897819  0.1374666   0.13178909  0.03819603] , [ 0.50357009  0.18897819  0.1374666   0.13178909  0.03819603] , [ 0.50357009  0.18897819  0.1374666   0.13178909  0.03819603] , [ 0.50357009  0.18897819  0.1374666   0.13178909  0.03819603] , [ 0.5036013   0.18898     0.13743183  0.13179109  0.03819577] , [ 0.50357009  0.18897819  0.1374666   0.13178908  0.03819603] , [ 0.50356996  0.18897824  0.13746663  0.13178912  0.03819604] , [ 0.50357009  0.18897819  0.1374666   0.13178909  0.03819603] , [ 0.50357009  0.18897819  0.1374666   0.13178909  0.03819603] , [ 0.50355775  0.18898099  0.13747056  0.13179324  0.03819746] , [ 0.5035701   0.18897817  0.1374666   0.13178909  0.03819603] , [ 0.50363263  0.18890538  0.13747212  0.13179314  0.03819673] , [ 0.50357009  0.18897819  0.1374666   0.13178909  0.03819603] , [ 0.50358271  0.1889635   0.13746772  0.1317899   0.03819617] , [ 0.50357009  0.18897819  0.1374666   0.13178909  0.03819603] , [ 0.50356766  0.18897913  0.13746721  0.13178974  0.03819626] , [ 0.50351105  0.18900528  0.13748399  0.13179755  0.03820213] , [ 0.50357009  0.18897819  0.1374666   0.13178909  0.03819603] , [ 0.50356991  0.18897826  0.13746665  0.13178913  0.03819605] , [ 0.38991225  0.2335073   0.16567184  0.16144117  0.04946744] , [ 0.50357012  0.18897815  0.13746661  0.13178909  0.03819603] , [ 0.50362216  0.18943142  0.13658738  0.13208829  0.03827074] , [ 0.58716216  0.08247931  0.14842193  0.14170199  0.04023461] , [ 0.538263    0.14755111  0.14100719  0.13448536  0.03869334] , [ 0.50357009  0.18897819  0.1374666   0.13178909  0.03819603] , [ 0.53045065  0.18082328  0.11695241  0.13363872  0.03813494] , [ 0.50585206  0.18505943  0.13821876  0.13247793  0.03839182] , [ 0.50427439  0.18907536  0.13753565  0.13093088  0.03818371] , [ 0.50357008  0.18897819  0.13746661  0.13178909  0.03819603] , [ 0.50357009  0.18897819  0.1374666   0.13178909  0.03819603] , [ 0.50357009  0.18897819  0.1374666   0.13178909  0.03819603] , [ 0.50444572  0.18795342  0.13754609  0.13184827  0.0382065 ] , [ 0.50372746  0.18879498  0.13748048  0.1317993   0.03819778] , [ 0.50357009  0.18897819  0.1374666   0.13178909  0.03819603] , [ 0.50358149  0.18896483  0.13746765  0.13178986  0.03819617] , [ 0.50356572  0.18897989  0.13746769  0.13179025  0.03819644] , [ 0.50357009  0.18897819  0.1374666   0.13178909  0.03819603] , [ 0.50371879  0.18879798  0.13748282  0.13180178  0.03819864] , [ 0.50356834  0.18897887  0.13746704  0.13178955  0.0381962 ] , [ 0.50253492  0.18938218  0.13772459  0.13206556  0.03829275] , [ 0.50357009  0.18897819  0.1374666   0.13178909  0.03819603] , [ 0.50357009  0.18897819  0.1374666   0.13178909  0.03819603] , [ 0.50232267  0.18946503  0.13777785  0.13212176  0.03831269] , [ 0.50357009  0.18897819  0.1374666   0.13178909  0.03819603] , [ 0.50357009  0.18897819  0.1374666   0.13178909  0.03819603] , [ 0.50356999  0.18897823  0.13746663  0.13178911  0.03819604] , [ 0.50357009  0.18897819  0.1374666   0.13178909  0.03819603] , [ 0.50357004  0.18897821  0.13746661  0.1317891   0.03819604] , [ 0.50357009  0.18897819  0.1374666   0.13178909  0.03819603] , [ 0.50357025  0.188978    0.13746662  0.1317891   0.03819603] , [ 0.49910303  0.19066135  0.13860663  0.1330063   0.0386227 ] , [ 0.50344874  0.18886931  0.13756617  0.13188756  0.03822821] , [ 0.50357012  0.1889782   0.13746661  0.13178909  0.03819598] , [ 0.5035701   0.18897819  0.1374666   0.13178907  0.03819603] , [ 0.50353234  0.18900129  0.13745054  0.13181266  0.03820317] , [ 0.50545762  0.18936444  0.13508953  0.13191208  0.03817634] , [ 0.5035597   0.18898224  0.1374692   0.13179186  0.038197  ] , [ 0.50357009  0.18897819  0.1374666   0.13178909  0.03819603] , [ 0.50358839  0.1889807   0.13746839  0.13176681  0.03819571] , [ 0.50358137  0.18898031  0.13745589  0.13178654  0.03819589] , [ 0.50357009  0.18897819  0.1374666   0.13178909  0.03819603] , [ 0.50049307  0.19017846  0.13823311  0.13261156  0.0384838 ] , [ 0.50350553  0.18900337  0.13748272  0.13180632  0.03820207] , [ 0.50356955  0.1889784   0.13746674  0.13178923  0.03819608] , [ 0.50357009  0.18897819  0.1374666   0.13178909  0.03819603] , [ 0.50357009  0.18897819  0.1374666   0.13178909  0.03819603] , [ 0.50357009  0.18897819  0.1374666   0.13178909  0.03819603] , [ 0.50357002  0.18897822  0.13746662  0.1317891   0.03819604] , [ 0.50357009  0.18897819  0.1374666   0.13178909  0.03819603] , [ 0.50294989  0.18922012  0.13762137  0.13195463  0.03825399] , [ 0.50357     0.18897823  0.13746663  0.13178911  0.03819604] , [ 0.5035708   0.18897736  0.13746667  0.13178913  0.03819604] , [ 0.60867759  0.13244851  0.0802182   0.14023289  0.03842281] , [ 0.45218337  0.20812936  0.15058114  0.14586873  0.04323738] , [ 0.50355846  0.18898273  0.1374695   0.13179219  0.03819712] , [ 0.50357996  0.1889667   0.13746747  0.13178972  0.03819614] , [ 0.50357009  0.18897819  0.1374666   0.13178909  0.03819603] , [ 0.50357065  0.18897753  0.13746665  0.13178912  0.03819604] , [ 0.50344601  0.18902703  0.13749783  0.13182145  0.03820768] , [ 0.5035702   0.18897804  0.13746662  0.1317891   0.03819604] , [ 0.50356799  0.18897901  0.13746713  0.13178965  0.03819623] , [ 0.50317136  0.18911417  0.13757476  0.13190384  0.03823588] , [ 0.50357009  0.18897819  0.1374666   0.13178909  0.03819603] , [ 0.50357009  0.18897819  0.1374666   0.13178909  0.03819603] , [ 0.50357009  0.18897818  0.1374666   0.13178909  0.03819603] , [ 0.50357009  0.18897819  0.1374666   0.13178909  0.03819603] , [ 0.50356677  0.18897948  0.13746743  0.13178997  0.03819634] , [ 0.50356328  0.18898116  0.13746849  0.13179109  0.03819598] , [ 0.50357009  0.18897819  0.1374666   0.13178909  0.03819603] , [ 0.50357009  0.18897819  0.1374666   0.13178909  0.03819603] , [ 0.50357009  0.18897819  0.1374666   0.13178909  0.03819603] , [ 0.50356448  0.18898038  0.137468    0.13179059  0.03819655] , [ 0.50357188  0.18897871  0.1374641   0.13178929  0.03819604] , [ 0.50357009  0.18897819  0.1374666   0.13178909  0.03819603] , [ 0.50356964  0.18897837  0.13746672  0.13178921  0.03819607] , [ 0.4852925   0.19610073  0.14201609  0.13667444  0.03991623] , [ 0.50638142  0.18582523  0.13759333  0.13197402  0.03822599] , [ 0.50356867  0.18897874  0.13746696  0.13178947  0.03819617] , [ 0.50356901  0.18897861  0.13746687  0.13178937  0.03819613] , [ 0.50356937  0.18897847  0.13746678  0.13178928  0.0381961 ] , [ 0.50357035  0.18897825  0.13746626  0.13178911  0.03819603] , [ 0.50357296  0.18897484  0.13746686  0.13178927  0.03819606] , [ 0.50355979  0.18897751  0.13747403  0.13179033  0.03819834] , [ 0.50324885  0.18910348  0.13754669  0.13187492  0.03822606] , [ 0.5032658   0.18909686  0.13754249  0.13187038  0.03822447] , [ 0.50360255  0.18894016  0.13746968  0.1317912   0.0381964 ] , [ 0.50357009  0.18897819  0.1374666   0.13178909  0.03819603] ]
log_loss: 1.20817324575 

------------ LogisticRegression ------------
Predict Proba:
 [ 0.8  0.   0.   0.2  0. ] , [ 0.6  0.4  0.   0.   0. ] , [ 0.4  0.5  0.   0.1  0. ] , [ 0.4  0.3  0.2  0.1  0. ] , [ 0.3  0.1  0.   0.4  0.2] , [ 0.5  0.4  0.1  0.   0. ] , [ 0.4  0.2  0.3  0.1  0. ] , [ 0.6  0.4  0.   0.   0. ] , [ 0.4  0.4  0.2  0.   0. ] , [ 0.4  0.5  0.   0.   0.1] , [ 0.9  0.1  0.   0.   0. ] , [ 0.7  0.3  0.   0.   0. ] , [ 0.7  0.2  0.1  0.   0. ] , [ 0.   0.3  0.5  0.1  0.1] , [ 0.5  0.5  0.   0.   0. ] , [ 0.4  0.4  0.2  0.   0. ] , [ 0.   0.3  0.4  0.2  0.1] , [ 0.1  0.1  0.3  0.3  0.2] , [ 0.1  0.4  0.1  0.2  0.2] , [ 0.5  0.3  0.2  0.   0. ] , [ 0.   0.4  0.2  0.1  0.3] , [ 0.9  0.1  0.   0.   0. ] , [ 0.1  0.3  0.2  0.4  0. ] , [ 0.8  0.1  0.   0.1  0. ] , [ 0.4  0.3  0.2  0.1  0. ] , [ 0.8  0.2  0.   0.   0. ] , [ 0.4  0.5  0.   0.   0.1] , [ 0.4  0.6  0.   0.   0. ] , [ 1.  0.  0.  0.  0.] , [ 0.   0.2  0.3  0.3  0.2] , [ 0.6  0.3  0.1  0.   0. ] , [ 0.8  0.2  0.   0.   0. ] , [ 0.3  0.6  0.   0.1  0. ] , [ 1.  0.  0.  0.  0.] , [ 0.1  0.5  0.2  0.   0.2] , [ 0.   0.8  0.   0.2  0. ] , [ 0.1  0.2  0.5  0.1  0.1] , [ 0.2  0.3  0.4  0.1  0. ] , [ 0.5  0.4  0.   0.1  0. ] , [ 0.7  0.2  0.   0.1  0. ] , [ 0.2  0.   0.6  0.1  0.1] , [ 0.1  0.1  0.4  0.4  0. ] , [ 0.4  0.4  0.1  0.   0.1] , [ 0.8  0.2  0.   0.   0. ] , [ 0.9  0.1  0.   0.   0. ] , [ 0.2  0.5  0.1  0.2  0. ] , [ 0.2  0.4  0.4  0.   0. ] , [ 0.4  0.5  0.   0.1  0. ] , [ 0.3  0.2  0.3  0.2  0. ] , [ 1.  0.  0.  0.  0.] , [ 0.6  0.3  0.1  0.   0. ] , [ 0.9  0.1  0.   0.   0. ] , [ 0.5  0.4  0.   0.1  0. ] , [ 0.8  0.1  0.   0.1  0. ] , [ 0.8  0.1  0.   0.   0.1] , [ 1.  0.  0.  0.  0.] , [ 0.3  0.4  0.3  0.   0. ] , [ 0.4  0.3  0.2  0.1  0. ] , [ 0.3  0.6  0.1  0.   0. ] , [ 0.7  0.2  0.1  0.   0. ] , [ 0.5  0.5  0.   0.   0. ] , [ 0.8  0.2  0.   0.   0. ] , [ 0.3  0.5  0.   0.2  0. ] , [ 0.   0.4  0.5  0.   0.1] , [ 0.   0.3  0.3  0.3  0.1] , [ 0.   0.5  0.1  0.3  0.1] , [ 0.2  0.4  0.2  0.1  0.1] , [ 0.   0.1  0.2  0.7  0. ] , [ 0.6  0.4  0.   0.   0. ] , [ 0.2  0.3  0.2  0.3  0. ] , [ 0.   0.2  0.4  0.2  0.2] , [ 0.2  0.3  0.2  0.2  0.1] , [ 0.5  0.3  0.   0.2  0. ] , [ 0.3  0.4  0.3  0.   0. ] , [ 0.3  0.6  0.1  0.   0. ] , [ 0.8  0.2  0.   0.   0. ] , [ 0.4  0.4  0.   0.2  0. ] , [ 0.   0.4  0.6  0.   0. ] , [ 0.3  0.4  0.2  0.1  0. ] , [ 0.8  0.2  0.   0.   0. ] , [ 0.6  0.4  0.   0.   0. ] , [ 1.  0.  0.  0.  0.] , [ 0.4  0.3  0.3  0.   0. ] , [ 0.5  0.3  0.1  0.1  0. ] , [ 0.   0.4  0.5  0.   0.1] , [ 0.5  0.4  0.   0.1  0. ] , [ 1.  0.  0.  0.  0.] , [ 0.   0.5  0.3  0.2  0. ] , [ 0.2  0.5  0.1  0.1  0.1] , [ 0.   0.2  0.4  0.4  0. ] , [ 0.6  0.2  0.   0.1  0.1] , [ 0.2  0.1  0.2  0.2  0.3] , [ 0.9  0.1  0.   0.   0. ] , [ 0.   0.5  0.2  0.3  0. ] , [ 0.3  0.1  0.3  0.2  0.1] , [ 0.   0.1  0.6  0.1  0.2] , [ 0.3  0.   0.4  0.3  0. ] , [ 0.8  0.2  0.   0.   0. ] , [ 0.3  0.1  0.3  0.3  0. ] , [ 0.7  0.3  0.   0.   0. ] , [ 0.2  0.3  0.1  0.4  0. ] , [ 0.9  0.1  0.   0.   0. ] , [ 0.7  0.1  0.2  0.   0. ] , [ 1.  0.  0.  0.  0.] , [ 0.3  0.5  0.1  0.1  0. ] , [ 0.1  0.3  0.3  0.1  0.2] , [ 0.5  0.4  0.   0.1  0. ] , [ 0.9  0.1  0.   0.   0. ] , [ 0.5  0.4  0.   0.   0.1] , [ 0.7  0.3  0.   0.   0. ] , [ 0.   0.5  0.4  0.1  0. ] , [ 0.5  0.4  0.   0.1  0. ] , [ 0.6  0.2  0.   0.1  0.1] , [ 0.3  0.5  0.1  0.1  0. ] , [ 0.8  0.2  0.   0.   0. ] , [ 1.  0.  0.  0.  0.] , [ 0.4  0.3  0.1  0.1  0.1] , [ 0.1  0.5  0.1  0.2  0.1] , [ 1.  0.  0.  0.  0.] ]
log_loss: 2.95763335496 

