------------ LogisticRegression ------------
Predict Proba:
 [  4.08682453e-03   9.90497028e-01   5.07686023e-03   3.39287051e-04] , [  5.96387768e-04   2.87057268e-03   7.68962447e-01   2.27570592e-01] , [ 0.002643    0.84849188  0.14776618  0.00109894] , [ 0.00560391  0.92653926  0.05497784  0.012879  ] , [ 0.00591009  0.34934949  0.64002199  0.00471842] , [  7.46703740e-04   1.98379097e-02   9.62854530e-01   1.65608564e-02] , [ 0.00839469  0.24313472  0.74314134  0.00532925] , [ 0.00145124  0.01294696  0.98039094  0.00521087] , [ 0.00498341  0.17572845  0.81091438  0.00837376] , [ 0.00574382  0.04357886  0.94939274  0.00128457] , [ 0.08146075  0.52322706  0.35783125  0.03748093] , [ 0.01089277  0.86044983  0.12296666  0.00569073] , [  2.28364420e-04   1.56718173e-02   9.77976040e-01   6.12377837e-03] , [ 0.00361734  0.86262756  0.13131431  0.00244079] , [ 0.01244667  0.97495509  0.00898554  0.0036127 ] , [  5.02509637e-03   9.87773292e-01   6.76633570e-03   4.35275944e-04] , [  2.49254091e-04   3.97501699e-03   9.92754258e-01   3.02147093e-03] , [ 0.00296504  0.22523389  0.76778814  0.00401292] , [ 0.00189817  0.88120554  0.1143439   0.00255238] , [ 0.02624232  0.78894949  0.16928233  0.01552587] , [  8.61435000e-04   1.89828424e-02   9.78403854e-01   1.75186855e-03] , [ 0.00403166  0.08787923  0.88749012  0.02059899] , [ 0.00138715  0.03860419  0.95294493  0.00706373] , [ 0.00839619  0.96325606  0.02621094  0.00213681] , [ 0.00970907  0.65061916  0.33696728  0.00270449] , [ 0.00227782  0.82523782  0.16793396  0.00455041] , [ 0.0114427   0.63801692  0.34366018  0.0068802 ] , [ 0.0136222   0.93002896  0.04454042  0.01180842] , [ 0.00321154  0.92177767  0.07179427  0.00321651] , [ 0.05347432  0.69811911  0.20176089  0.04664568] , [ 0.00414214  0.95414072  0.03306696  0.00865018] , [ 0.00319247  0.4962427   0.49644787  0.00411696] , [ 0.00262113  0.93928188  0.02449537  0.03360162] , [  5.38882265e-04   2.14816645e-01   7.79302809e-01   5.34166429e-03] , [ 0.02682209  0.95782725  0.01038716  0.0049635 ] , [ 0.01815503  0.95965485  0.01863048  0.00355965] , [ 0.02798994  0.81898155  0.14203117  0.01099733] , [ 0.00113002  0.08968809  0.90707687  0.00210503] , [ 0.0031132   0.79071446  0.20318561  0.00298674] , [  1.92288849e-04   7.97019671e-04   9.96584880e-01   2.42581116e-03] , [ 0.01052968  0.98354337  0.00417331  0.00175364] , [ 0.0107979   0.92505342  0.05670691  0.00744176] , [ 0.00768684  0.17423046  0.81714511  0.00093759] , [ 0.00717781  0.94210272  0.0437004   0.00701907] , [ 0.00130591  0.7905669   0.20601912  0.00210807] , [  4.65854248e-04   3.31072228e-02   9.65043330e-01   1.38359284e-03] , [ 0.00266187  0.74862814  0.24773065  0.00097933] , [ 0.11295249  0.18377813  0.68601408  0.0172553 ] , [  2.97087042e-04   2.13866179e-01   7.84360526e-01   1.47620789e-03] , [ 0.00629509  0.15744388  0.10787147  0.72838956] , [ 0.00920436  0.93182478  0.05285942  0.00611145] , [ 0.00504207  0.74939314  0.24408426  0.00148053] , [ 0.27618934  0.24210852  0.44448551  0.03721663] , [ 0.00483601  0.84953914  0.14346429  0.00216055] , [  7.16196261e-04   4.38696799e-02   9.43949224e-01   1.14648999e-02] , [ 0.00061437  0.51684371  0.48105928  0.00148264] , [ 0.01567609  0.52876821  0.45275304  0.00280266] , [ 0.01032107  0.9628712   0.01563016  0.01117756] , [ 0.00960955  0.98233734  0.00579979  0.00225332] , [ 0.00347687  0.32215134  0.67281758  0.00155421] ]
log_loss: 0.393444756898 

------------ 		SVC         ------------
Predict Proba:
 [ 0.01058421  0.93579825  0.05025844  0.0033591 ] , [ 0.08040255  0.057936    0.20676814  0.65489331] , [ 0.00963377  0.78364869  0.2035186   0.00319894] , [ 0.01100833  0.87869179  0.10253777  0.0077621 ] , [ 0.01163212  0.69125906  0.29117436  0.00593446] , [ 0.02138875  0.05800883  0.86013479  0.06046764] , [ 0.01538304  0.44116394  0.53372705  0.00972596] , [ 0.015343    0.06552817  0.91030385  0.00882498] , [ 0.0130858   0.43268554  0.5393087   0.01491996] , [ 0.01376338  0.25285693  0.72850653  0.00487316] , [ 0.02762083  0.75468639  0.19478635  0.02290643] , [ 0.01499259  0.67524065  0.2972174   0.01254937] , [ 0.01706905  0.03377636  0.92954762  0.01960696] , [ 0.01065721  0.74893197  0.23655951  0.00385131] , [ 0.01210641  0.9324365   0.0501927   0.00526438] , [ 0.0097411   0.92911949  0.05862705  0.00251236] , [ 0.01542506  0.02485642  0.94957913  0.01013939] , [ 0.01231892  0.45427671  0.52320073  0.01020363] , [ 0.00995096  0.80207593  0.18383199  0.00414113] , [ 0.01497482  0.81233063  0.15343923  0.01925533] , [ 0.01208202  0.0474742   0.93529009  0.0051537 ] , [ 0.01409561  0.18266585  0.78257695  0.02066159] , [ 0.01554019  0.07312241  0.89783135  0.01350605] , [ 0.01142168  0.88526756  0.09870713  0.00460362] , [ 0.01312319  0.73846687  0.24387651  0.00453343] , [ 0.01216157  0.73553746  0.24660468  0.0056963 ] , [ 0.01434806  0.57266876  0.40217308  0.0108101 ] , [ 0.01747633  0.80489737  0.16274541  0.01488089] , [ 0.00921865  0.87382294  0.11345988  0.00349853] , [ 0.02339838  0.77738092  0.16783525  0.03138545] , [ 0.00954685  0.89059453  0.08852073  0.01133789] , [ 0.01135288  0.70353376  0.28010358  0.00500978] , [ 0.01034512  0.88363035  0.09095453  0.01507   ] , [ 0.01466126  0.12906181  0.83567904  0.02059789] , [ 0.01641614  0.89934769  0.074361    0.00987517] , [ 0.0134097   0.91524683  0.06486012  0.00648336] , [ 0.01552379  0.85835097  0.1179913   0.00813395] , [ 0.01179994  0.14006938  0.84326491  0.00486577] , [ 0.01065365  0.68706252  0.29724861  0.00503522] , [ 0.01634632  0.0195776   0.95485376  0.00922232] , [ 0.01015183  0.9510025   0.03427461  0.00457106] , [ 0.01359539  0.89492078  0.0848272   0.00665663] , [ 0.01451792  0.50419006  0.4760804   0.00521162] , [ 0.00966606  0.92291073  0.06179357  0.00562963] , [ 0.008835    0.75382091  0.23373828  0.00360582] , [ 0.01487547  0.02769349  0.95252204  0.004909  ] , [ 0.01186321  0.51008549  0.47401296  0.00403834] , [ 0.04974185  0.53523873  0.38996876  0.02505066] , [ 0.01489483  0.07462743  0.9044138   0.00606394] , [ 0.07174205  0.1586697   0.13421454  0.63537372] , [ 0.01240563  0.92415057  0.05690737  0.00653644] , [ 0.01015454  0.87223195  0.11444595  0.00316755] , [ 0.06838179  0.68406928  0.21711732  0.03043162] , [ 0.01039194  0.80557776  0.17993022  0.00410008] , [ 0.01623452  0.06344844  0.88584162  0.03447542] , [ 0.01336338  0.27901673  0.70225686  0.00536304] , [ 0.01584857  0.70101784  0.27689945  0.00623413] , [ 0.01304477  0.89097682  0.08278159  0.01319683] , [ 0.01198571  0.95188626  0.03296049  0.00316753] , [ 0.01349728  0.44365973  0.53745311  0.00538989] ]
log_loss: 0.428090665327 

------------ LogisticRegression ------------
Predict Proba:
 [ 0.  1.  0.  0.] , [ 0.   0.2  0.6  0.2] , [ 0.  1.  0.  0.] , [ 0.  1.  0.  0.] , [ 0.   0.4  0.6  0. ] , [ 0.   0.2  0.7  0.1] , [ 0.   0.3  0.7  0. ] , [ 0.  0.  1.  0.] , [ 0.   0.4  0.6  0. ] , [ 0.  0.  1.  0.] , [ 0.   0.5  0.3  0.2] , [ 0.   0.7  0.3  0. ] , [ 0.  0.  1.  0.] , [ 0.   0.9  0.1  0. ] , [ 0.  1.  0.  0.] , [ 0.  1.  0.  0.] , [ 0.  0.  1.  0.] , [ 0.   0.6  0.4  0. ] , [ 0.   0.8  0.2  0. ] , [ 0.1  0.8  0.1  0. ] , [ 0.   0.1  0.9  0. ] , [ 0.  0.  1.  0.] , [ 0.  0.  1.  0.] , [ 0.  1.  0.  0.] , [ 0.   0.8  0.2  0. ] , [ 0.  1.  0.  0.] , [ 0.1  0.4  0.5  0. ] , [ 0.   0.9  0.1  0. ] , [ 0.   0.7  0.3  0. ] , [ 0.   0.2  0.8  0. ] , [ 0.  1.  0.  0.] , [ 0.  1.  0.  0.] , [ 0.   0.9  0.   0.1] , [ 0.   0.6  0.4  0. ] , [ 0.   0.9  0.1  0. ] , [ 0.   0.9  0.1  0. ] , [ 0.   0.8  0.2  0. ] , [ 0.  0.  1.  0.] , [ 0.   0.8  0.2  0. ] , [ 0.  0.  1.  0.] , [ 0.  1.  0.  0.] , [ 0.   0.5  0.5  0. ] , [ 0.1  0.2  0.7  0. ] , [ 0.   0.9  0.1  0. ] , [ 0.   0.7  0.3  0. ] , [ 0.   0.1  0.9  0. ] , [ 0.   0.5  0.5  0. ] , [ 0.3  0.4  0.3  0. ] , [ 0.   0.1  0.9  0. ] , [ 0.   0.   0.9  0.1] , [ 0.  1.  0.  0.] , [ 0.   0.9  0.1  0. ] , [ 0.1  0.5  0.3  0.1] , [ 0.   0.9  0.1  0. ] , [ 0.   0.4  0.6  0. ] , [ 0.   0.7  0.3  0. ] , [ 0.   0.4  0.6  0. ] , [ 0.  1.  0.  0.] , [ 0.  1.  0.  0.] , [ 0.  0.  1.  0.] ]
log_loss: 0.974550518625 

