------------ LogisticRegression ------------
Predict Proba:
 [ 0.01811753  0.03311818  0.81771254  0.072217    0.03652921  0.02230554] , [ 0.04416119  0.15357619  0.080936    0.48126948  0.07202012  0.16803702] , [ 0.00079046  0.01512249  0.35909446  0.03268379  0.50826953  0.08403928] , [ 0.00301596  0.0484314   0.81378739  0.02213555  0.07960197  0.03302773] , [ 0.001067    0.031753    0.73169304  0.00357759  0.21547091  0.01643846] , [ 0.00164609  0.0257148   0.06241242  0.06150692  0.29624808  0.55247168] , [ 0.01617844  0.07943268  0.03822312  0.56088837  0.08123037  0.22404701] , [ 0.01431062  0.11182128  0.56533428  0.17393326  0.04316638  0.09143418] , [ 0.81560193  0.0143114   0.07119168  0.01151553  0.00176442  0.08561504] , [ 0.7129039   0.18784572  0.02895505  0.05328782  0.00356318  0.01344433] , [ 0.66279052  0.08477093  0.05169052  0.16888894  0.00777692  0.02408217] , [  8.36172851e-05   8.80497722e-03   2.99729125e-01   1.36810668e-02
   5.67674871e-01   1.10026343e-01] , [ 0.00308135  0.06847823  0.17425295  0.1887545   0.43391118  0.13152179] , [ 0.01371699  0.05893494  0.0069318   0.08792205  0.13050878  0.70198544] , [ 0.00227761  0.02855736  0.13403868  0.08204636  0.17890266  0.57417733] , [ 0.75215434  0.09294759  0.07862857  0.05962093  0.00366889  0.01297968] , [ 0.00729039  0.08526244  0.54247514  0.17109118  0.14648377  0.04739708] , [ 0.11486052  0.25565724  0.41647345  0.147415    0.01949914  0.04609466] , [ 0.76384685  0.11263635  0.02338827  0.08025628  0.001883    0.01798925] , [ 0.03902518  0.04433302  0.80432091  0.07595284  0.00727885  0.0290892 ] , [ 0.01670899  0.14387301  0.04058141  0.44594204  0.09749244  0.25540212] , [ 0.00515992  0.0571896   0.78603225  0.01574664  0.09533932  0.04053226] , [ 0.05834236  0.0392382   0.75011386  0.0543316   0.01889476  0.07907921] , [ 0.01027574  0.20337208  0.13619115  0.28334789  0.1767392   0.19007394] , [  2.36139480e-04   6.78925869e-03   2.00900109e-01   4.18164946e-03
   4.16643529e-01   3.71249314e-01] , [ 0.04036198  0.33904035  0.16072123  0.2612059   0.04550705  0.15316349] , [ 0.03217981  0.18059381  0.72102978  0.01185706  0.02945027  0.02488927] , [ 0.04873271  0.13055083  0.19944147  0.48230065  0.04388248  0.09509186] , [ 0.02711441  0.14763523  0.71495885  0.07156857  0.00746513  0.03125781] , [ 0.71412277  0.06756378  0.04271551  0.14541363  0.00799127  0.02219304] , [ 0.00794444  0.02581134  0.12098965  0.12971553  0.12652935  0.58900969] , [ 0.53748954  0.18095108  0.13633402  0.08901743  0.02523295  0.03097497] , [ 0.00047506  0.01770809  0.01374977  0.22393537  0.46481687  0.27931484] , [ 0.00170165  0.04573431  0.33032348  0.01582894  0.20456206  0.40184955] , [ 0.02846625  0.15468008  0.49142988  0.26435242  0.02795764  0.03311373] , [ 0.04671671  0.25573648  0.2521477   0.24855623  0.0454072   0.15143567] , [ 0.68910678  0.12205044  0.06481836  0.09325684  0.00818333  0.02258426] , [ 0.00644515  0.08667527  0.1926538   0.26419475  0.31561587  0.13441516] , [ 0.02804178  0.11766861  0.57072954  0.09260699  0.06473576  0.12621732] , [ 0.02346209  0.10480836  0.62530921  0.15359058  0.01281084  0.08001893] , [ 0.02731086  0.15816385  0.7067733   0.07385493  0.00853982  0.02535724] , [ 0.34262361  0.37416906  0.20899558  0.02891571  0.01904051  0.02625553] ]
log_loss: 0.85313709289 

------------ 		SVC         ------------
Predict Proba:
 [ 0.10159751  0.12626792  0.45475244  0.12305252  0.09964077  0.09468884] , [ 0.12857394  0.12351672  0.39036877  0.11996087  0.09935394  0.13822575] , [ 0.13102639  0.12367055  0.38369691  0.12007624  0.09961559  0.14191432] , [ 0.13102691  0.12367303  0.38369779  0.1200665   0.09961816  0.14191762] , [ 0.13102842  0.12367943  0.38366286  0.1200846   0.0996186   0.14192609] , [ 0.13102639  0.12367055  0.38369691  0.12007624  0.09961559  0.14191432] , [ 0.13106227  0.1238252   0.3831043   0.12022186  0.09966841  0.14211795] , [ 0.13661294  0.12509167  0.376312    0.12071228  0.09938302  0.14188809] , [ 0.16025877  0.19174471  0.16476738  0.17700706  0.12578783  0.18043425] , [ 0.18023118  0.15071141  0.26658854  0.13941508  0.1075632   0.15549058] , [ 0.17559683  0.16778159  0.20685631  0.16475424  0.11874083  0.1662702 ] , [ 0.13102639  0.12367055  0.38369691  0.12007624  0.09961559  0.14191432] , [ 0.13102517  0.12367046  0.38370043  0.12007618  0.09961544  0.14191231] , [ 0.13104087  0.12373357  0.38345532  0.12013558  0.09963701  0.14199764] , [ 0.12898045  0.13391751  0.39461861  0.12974164  0.06552315  0.14721863] , [ 0.1691051   0.18507157  0.17041699  0.17014474  0.1233881   0.1818735 ] , [ 0.13102145  0.1236704   0.38371052  0.12007618  0.09961505  0.14190639] , [ 0.09006731  0.12880978  0.47043454  0.12745035  0.10196984  0.08126818] , [ 0.1636046   0.19139394  0.1676215   0.17657755  0.12601906  0.17478335] , [ 0.08575863  0.13075903  0.47353126  0.12782143  0.10192692  0.08020273] , [ 0.13579981  0.13501343  0.34359892  0.13078391  0.10437007  0.15043386] , [ 0.13285008  0.12412249  0.38136985  0.12026791  0.09952102  0.14186864] , [ 0.08408934  0.13258878  0.47360673  0.12834869  0.10128679  0.08007967] , [ 0.12885839  0.12359056  0.39003972  0.11969634  0.09943613  0.13837886] , [ 0.13102639  0.12367055  0.38369691  0.12007624  0.09961559  0.14191432] , [ 0.14235976  0.13037342  0.40812429  0.03245954  0.11771396  0.16896903] , [ 0.18258012  0.13910811  0.19638359  0.17502239  0.1243891   0.1825167 ] , [ 0.09167542  0.12405305  0.46900307  0.12963726  0.10353764  0.08209356] , [ 0.09128492  0.12653271  0.46931791  0.12854078  0.10275798  0.08156569] , [ 0.22536711  0.0499101   0.24014505  0.17427518  0.12597903  0.18432353] , [ 0.13098178  0.1238991   0.38374972  0.12030592  0.09910068  0.1419628 ] , [ 0.1452127   0.12757577  0.36354866  0.12202593  0.09934525  0.14229169] , [ 0.13102639  0.12367055  0.38369691  0.12007624  0.09961559  0.14191432] , [ 0.11974901  0.12356902  0.41468702  0.12017961  0.09876348  0.12305185] , [ 0.1055654   0.13186274  0.45163253  0.12613097  0.09850864  0.08629972] , [ 0.14288779  0.02942888  0.41238066  0.13604691  0.11689375  0.162362  ] , [ 0.21149649  0.06459738  0.25956932  0.16517766  0.12216117  0.17699796] , [ 0.13097488  0.12393728  0.38375416  0.12034418  0.09901696  0.14197254] , [ 0.13098753  0.1236677   0.38380351  0.12007412  0.0996111   0.14185603] , [ 0.09090659  0.12733756  0.46973259  0.12822564  0.10252047  0.08127714] , [ 0.09030729  0.12849659  0.47024949  0.12768809  0.10213346  0.08112507] , [ 0.17733652  0.14570795  0.28487616  0.13525304  0.1048935   0.15193284] ]
log_loss: 1.55028776561 

------------ LogisticRegression ------------
Predict Proba:
 [ 0.  0.  1.  0.  0.  0.] , [ 0.   0.1  0.1  0.5  0.1  0.2] , [ 0.   0.   0.5  0.   0.2  0.3] , [ 0.   0.1  0.8  0.   0.1  0. ] , [ 0.   0.   0.8  0.1  0.1  0. ] , [ 0.   0.   0.1  0.1  0.1  0.7] , [ 0.   0.1  0.   0.4  0.2  0.3] , [ 0.   0.   0.7  0.2  0.1  0. ] , [ 0.7  0.1  0.   0.   0.   0.2] , [ 0.7  0.2  0.1  0.   0.   0. ] , [ 0.6  0.2  0.1  0.1  0.   0. ] , [ 0.   0.   0.5  0.   0.3  0.2] , [ 0.   0.   0.3  0.2  0.1  0.4] , [ 0.   0.   0.1  0.2  0.1  0.6] , [ 0.   0.   0.1  0.2  0.   0.7] , [ 0.8  0.1  0.1  0.   0.   0. ] , [ 0.   0.   0.8  0.1  0.1  0. ] , [ 0.1  0.   0.6  0.   0.2  0.1] , [ 0.8  0.2  0.   0.   0.   0. ] , [ 0.   0.2  0.8  0.   0.   0. ] , [ 0.   0.1  0.   0.4  0.2  0.3] , [ 0.  0.  1.  0.  0.  0.] , [ 0.   0.1  0.5  0.   0.1  0.3] , [ 0.   0.3  0.   0.2  0.2  0.3] , [ 0.   0.   0.4  0.   0.2  0.4] , [ 0.   0.5  0.   0.1  0.   0.4] , [ 0.2  0.3  0.5  0.   0.   0. ] , [ 0.   0.   0.5  0.1  0.2  0.2] , [ 0.  0.  1.  0.  0.  0.] , [ 1.  0.  0.  0.  0.  0.] , [ 0.   0.   0.1  0.2  0.   0.7] , [ 0.5  0.3  0.2  0.   0.   0. ] , [ 0.   0.   0.1  0.6  0.   0.3] , [ 0.   0.   0.4  0.1  0.1  0.4] , [ 0.   0.2  0.6  0.1  0.1  0. ] , [ 0.   0.5  0.   0.1  0.   0.4] , [ 0.6  0.2  0.1  0.1  0.   0. ] , [ 0.   0.   0.3  0.1  0.2  0.4] , [ 0.   0.3  0.2  0.1  0.   0.4] , [ 0.  0.  1.  0.  0.  0.] , [ 0.  0.  1.  0.  0.  0.] , [ 0.2  0.5  0.3  0.   0.   0. ] ]
log_loss: 2.35357641138 

