------------ LogisticRegression ------------
Predict Proba:
 [ 0.97760229  0.01851791  0.0038798 ] , [ 0.9786112   0.00164375  0.01974504] , [  9.20432983e-03   1.93420202e-05   9.90776328e-01] , [  9.92369894e-01   5.96746567e-04   7.03335896e-03] , [ 0.62071413  0.37817566  0.00111021] , [  9.88202814e-01   1.84760262e-04   1.16124258e-02] , [  1.04288666e-04   1.64760661e-01   8.35135050e-01] , [  2.24252875e-03   1.31870160e-04   9.97625601e-01] , [ 0.02447249  0.9737231   0.0018044 ] , [  3.35438407e-04   1.80233826e-04   9.99484328e-01] , [ 0.54047659  0.45886706  0.00065635] , [  1.18327023e-03   1.88271918e-06   9.98814847e-01] , [ 0.95207619  0.04599202  0.0019318 ] , [  5.57747939e-04   1.39793378e-01   8.59648874e-01] , [  9.52807928e-01   3.98099845e-06   4.71880913e-02] , [ 0.0062948   0.97209455  0.02161065] , [ 0.00426725  0.99319049  0.00254226] , [ 0.00351513  0.97763733  0.01884754] , [  9.86842523e-01   2.60107958e-04   1.28973694e-02] , [ 0.00183654  0.99423518  0.00392829] , [  9.73306183e-01   8.73564364e-09   2.66938087e-02] , [  1.82378090e-01   8.17128772e-01   4.93138311e-04] , [ 0.28658067  0.70242757  0.01099176] , [ 0.01404991  0.97414965  0.01180044] , [ 0.00387268  0.99314013  0.00298719] , [ 0.99218185  0.00231803  0.00550012] , [ 0.00190081  0.8316484   0.16645079] , [  4.36908442e-04   9.97575163e-01   1.98792821e-03] , [ 0.50129937  0.49819377  0.00050686] , [ 0.05582655  0.87591914  0.06825431] , [ 0.9740835   0.02314882  0.00276768] , [  6.79719769e-05   4.46538849e-01   5.53393179e-01] , [ 0.00341873  0.01414549  0.98243578] , [  9.79242199e-01   1.50419696e-06   2.07562971e-02] , [  9.89112897e-01   7.17454044e-05   1.08153573e-02] , [  9.67940349e-01   5.92179982e-04   3.14674708e-02] , [  1.67104245e-02   6.73585319e-06   9.83282840e-01] , [  4.74809271e-06   2.00129673e-01   7.99865579e-01] , [  3.53996292e-01   6.45835969e-01   1.67739622e-04] , [  1.26642413e-04   1.28291082e-04   9.99745067e-01] , [ 0.97240515  0.00334734  0.02424751] , [ 0.34809654  0.65053325  0.00137022] , [ 0.00170636  0.99687946  0.00141418] , [ 0.0023926  0.9321254  0.065482 ] , [  3.63088572e-04   1.21071306e-06   9.99635701e-01] , [  9.94935281e-01   3.28287781e-04   4.73643157e-03] , [  5.49087650e-04   9.96065622e-01   3.38529003e-03] , [ 0.02273645  0.01448352  0.96278003] , [  1.79206359e-04   5.90509697e-05   9.99761743e-01] , [ 0.99102145  0.00419509  0.00478346] , [ 0.02850372  0.97033737  0.00115891] , [ 0.00076686  0.40781485  0.5914183 ] , [  9.96423651e-01   8.31950896e-04   2.74439812e-03] , [  7.17554697e-04   4.98670536e-02   9.49415392e-01] , [  6.78687704e-03   1.53418373e-06   9.93211589e-01] , [ 0.00224564  0.99648121  0.00127315] , [  5.63046933e-04   9.82505462e-01   1.69314912e-02] , [ 0.93918874  0.05745978  0.00335148] , [ 0.00483505  0.98523925  0.00992571] , [  9.05295740e-01   9.43834014e-02   3.20859022e-04] , [  5.06609346e-04   6.75058766e-02   9.31987514e-01] , [  3.31225923e-04   9.97731258e-01   1.93751619e-03] , [ 0.00111486  0.97388595  0.02499919] , [ 0.00094119  0.34262625  0.65643256] , [  9.89402704e-01   8.10192680e-04   9.78710337e-03] , [  9.96203410e-01   3.15767060e-04   3.48082254e-03] , [ 0.99210542  0.00155562  0.00633897] , [  9.73795715e-04   3.83387663e-06   9.99022370e-01] , [ 0.31229404  0.67912039  0.00858557] , [ 0.85480791  0.14393899  0.0012531 ] , [ 0.09934385  0.89663095  0.0040252 ] , [  4.84287674e-04   9.46776623e-01   5.27390889e-02] ]
log_loss: 0.156617892954 

------------ 		SVC         ------------
Predict Proba:
 [ 0.31976574  0.41163091  0.26860335] , [ 0.29019087  0.43927564  0.27053349] , [ 0.31976513  0.41163409  0.26860078] , [ 0.31886106  0.4124891   0.26864984] , [ 0.31977116  0.4116039   0.26862494] , [ 0.31976458  0.4116346   0.26860082] , [ 0.31981095  0.41160464  0.26858441] , [ 0.31990312  0.4109484   0.26914848] , [ 0.3197651   0.41163411  0.26860079] , [ 0.31979413  0.41161599  0.26858988] , [ 0.3197651   0.41163411  0.26860079] , [ 0.3197651   0.41163411  0.26860079] , [ 0.3197651   0.41163411  0.26860079] , [ 0.3197651   0.41163411  0.26860079] , [ 0.3197651   0.41163411  0.26860079] , [ 0.41512399  0.33924985  0.24562616] , [ 0.41961447  0.33539689  0.24498865] , [ 0.31977863  0.41162566  0.26859571] , [ 0.13076394  0.57099575  0.29824031] , [ 0.31981848  0.41160079  0.26858074] , [ 0.3197651   0.41163411  0.26860079] , [ 0.3197651   0.41163411  0.26860079] , [ 0.28987117  0.4391725   0.27095633] , [ 0.55539133  0.2082965   0.23631217] , [ 0.34009053  0.3982405   0.26166897] , [ 0.31961719  0.41177404  0.26860877] , [ 0.31976539  0.41163371  0.2686009 ] , [ 0.3238914   0.40901102  0.26709758] , [ 0.3203675   0.40867786  0.27095464] , [ 0.22549324  0.49523822  0.27926854] , [ 0.31960438  0.41178647  0.26860915] , [ 0.32582279  0.39208775  0.28208946] , [ 0.27926836  0.42431968  0.29641196] , [ 0.25979363  0.46692076  0.2732856 ] , [ 0.3197651   0.41163411  0.26860079] , [ 0.31976509  0.41163412  0.26860079] , [ 0.3283682   0.38073228  0.29089953] , [ 0.3197651   0.41163411  0.26860079] , [ 0.31962542  0.41179732  0.26857726] , [ 0.31978541  0.41162047  0.26859412] , [ 0.31976453  0.41163465  0.26860082] , [ 0.33514309  0.40161799  0.26323892] , [ 0.3197684   0.41163205  0.26859955] , [ 0.31979485  0.41161553  0.26858962] , [ 0.31981832  0.4113691   0.26881258] , [ 0.31975977  0.41163915  0.26860108] , [ 0.31988204  0.4115611   0.26855686] , [ 0.3220639  0.4101893  0.2677468] , [ 0.32211618  0.41015656  0.26772726] , [ 0.3197651   0.41163411  0.26860079] , [ 0.32005486  0.41085847  0.26908667] , [ 0.4521301  0.3065214  0.2413485] , [ 0.3197651   0.41163411  0.26860079] , [ 0.32004195  0.41026374  0.26969431] , [ 0.31942626  0.41178588  0.26878786] , [ 0.37501385  0.37193126  0.25305489] , [ 0.31989598  0.41155236  0.26855166] , [ 0.31976544  0.4116339   0.26860066] , [ 0.49599833  0.26554674  0.23845493] , [ 0.31973216  0.41166534  0.2686025 ] , [ 0.32005993  0.41144984  0.26849023] , [ 0.38902979  0.36089809  0.25007212] , [ 0.31994211  0.41152352  0.26853437] , [ 0.32553634  0.39255031  0.28191336] , [ 0.31976009  0.41163885  0.26860106] , [ 0.31976448  0.4116347   0.26860082] , [ 0.31976503  0.41163417  0.26860079] , [ 0.32614459  0.39060058  0.28325482] , [ 0.3197651   0.41163411  0.26860079] , [ 0.29636714  0.43356138  0.27007147] , [ 0.32208064  0.41017832  0.26774104] , [ 0.32200463  0.41022682  0.26776855] ]
log_loss: 1.12854856904 

------------ LogisticRegression ------------
Predict Proba:
 [ 1.  0.  0.] , [ 1.  0.  0.] , [ 0.  0.  1.] , [ 1.  0.  0.] , [ 0.2  0.8  0. ] , [ 1.  0.  0.] , [ 0.  0.  1.] , [ 0.  0.  1.] , [ 0.1  0.9  0. ] , [ 0.  0.  1.] , [ 0.9  0.1  0. ] , [ 0.  0.  1.] , [ 1.  0.  0.] , [ 0.  0.  1.] , [ 1.  0.  0.] , [ 0.3  0.6  0.1] , [ 0.  1.  0.] , [ 0.  1.  0.] , [ 1.  0.  0.] , [ 0.   0.9  0.1] , [ 1.  0.  0.] , [ 0.8  0.2  0. ] , [ 0.5  0.4  0.1] , [ 0.  1.  0.] , [ 0.  1.  0.] , [ 1.  0.  0.] , [ 0.1  0.2  0.7] , [ 0.4  0.6  0. ] , [ 0.4  0.6  0. ] , [ 0.   0.8  0.2] , [ 0.8  0.1  0.1] , [ 0.  0.  1.] , [ 0.   0.2  0.8] , [ 1.  0.  0.] , [ 0.8  0.2  0. ] , [ 1.  0.  0.] , [ 0.  0.  1.] , [ 0.   0.1  0.9] , [ 0.3  0.7  0. ] , [ 0.  0.  1.] , [ 0.9  0.1  0. ] , [ 0.3  0.6  0.1] , [ 0.  1.  0.] , [ 0.   0.9  0.1] , [ 0.1  0.3  0.6] , [ 1.  0.  0.] , [ 0.  1.  0.] , [ 0.   0.3  0.7] , [ 0.   0.1  0.9] , [ 1.  0.  0.] , [ 0.1  0.9  0. ] , [ 0.   0.6  0.4] , [ 1.  0.  0.] , [ 0.  0.  1.] , [ 0.  0.  1.] , [ 0.  1.  0.] , [ 0.  1.  0.] , [ 1.  0.  0.] , [ 0.  1.  0.] , [ 0.8  0.2  0. ] , [ 0.  0.  1.] , [ 0.  1.  0.] , [ 0.   0.7  0.3] , [ 0.   0.2  0.8] , [ 0.8  0.2  0. ] , [ 1.  0.  0.] , [ 0.7  0.3  0. ] , [ 0.1  0.4  0.5] , [ 1.  0.  0.] , [ 0.8  0.2  0. ] , [ 0.  1.  0.] , [ 0.1  0.8  0.1] ]
log_loss: 0.173997476204 

