------------ LogisticRegression ------------
Predict Proba:
 [ 0.00078162  0.00967063  0.00408918  0.03551868  0.20052979  0.15840044
  0.26394211  0.14266664  0.03979936  0.03947673  0.10512481] , [  1.49659631e-01   2.47915744e-01   4.92671937e-02   1.97752949e-03
   6.00891701e-04   2.27797859e-02   1.32199249e-02   2.08233819e-04
   6.70721242e-02   3.58520734e-01   8.87782069e-02] , [  2.22041730e-05   1.86692603e-02   3.50479325e-03   9.05927955e-03
   2.13238622e-02   6.02932134e-02   9.79997937e-02   2.32654938e-01
   2.20705717e-01   2.90987237e-02   3.06668215e-01] , [  3.68459032e-01   2.32846641e-01   3.62379638e-02   3.74633241e-03
   2.63264298e-04   4.41283761e-02   1.08270480e-02   1.00420828e-04
   3.20611409e-02   1.81491930e-01   8.98378501e-02] , [  3.10373038e-01   1.58971835e-01   6.93600097e-04   4.45273976e-06
   9.10442176e-06   1.09739088e-02   2.21072450e-03   8.69927263e-05
   5.93455789e-02   4.04917133e-01   5.24136314e-02] , [  2.41947867e-06   1.53475800e-03   2.82054175e-04   1.70375899e-03
   1.19012208e-01   5.08945323e-02   1.60799159e-01   4.78350129e-01
   1.09953677e-01   2.83175967e-02   4.91497071e-02] , [ 0.00301591  0.0242496   0.05256851  0.27125153  0.06293391  0.26064361
  0.08590878  0.0596297   0.05234567  0.0021014   0.12535138] , [  1.22918517e-04   2.41223309e-03   5.08625087e-04   6.65742923e-04
   5.09903178e-02   9.65796680e-02   1.78536699e-01   3.25233339e-01
   1.01049001e-01   2.00893264e-01   4.30081915e-02] , [ 0.00562664  0.01691603  0.05755394  0.06544823  0.14279284  0.09487373
  0.0979111   0.02715059  0.07504883  0.26511482  0.15156326] , [ 0.07667978  0.01431138  0.00175366  0.00173181  0.0019069   0.02692099
  0.06174618  0.0099383   0.0663062   0.64906291  0.08964188] , [  2.88085080e-04   6.92859539e-04   4.82549704e-04   1.47199532e-02
   1.24576723e-01   3.60954427e-02   2.12848877e-01   4.93995266e-01
   5.36559661e-02   3.70605250e-02   2.55837522e-02] , [ 0.00115501  0.00823485  0.04873506  0.16520085  0.20106758  0.29262113
  0.15295384  0.02217001  0.02091532  0.00267449  0.08427187] , [ 0.00033215  0.0034749   0.00431879  0.0499245   0.28776704  0.18661449
  0.18670158  0.1335283   0.0397672   0.05637289  0.05119815] , [  1.00773344e-04   4.76727398e-03   9.42481729e-04   9.13205714e-04
   2.35437756e-02   8.50216894e-02   1.11940492e-01   3.22999524e-01
   1.56399300e-01   2.26636612e-01   6.67348727e-02] , [ 0.00030099  0.04970602  0.02058972  0.06280796  0.05606806  0.08943882
  0.20277039  0.12132741  0.17337196  0.06765908  0.15595959] , [ 0.13966267  0.3313815   0.13375429  0.01853195  0.00233594  0.05061809
  0.01306871  0.00081793  0.05851795  0.09817418  0.1531368 ] , [ 0.00241203  0.12466543  0.28118201  0.12709501  0.02862943  0.14318249
  0.06064327  0.01024836  0.0850792   0.00895474  0.12790802] , [  1.89725985e-04   2.66039367e-02   5.85741635e-04   1.49756338e-03
   1.93425182e-02   8.26659414e-02   1.54340718e-01   3.79372850e-02
   1.67561331e-01   3.63170277e-01   1.46104962e-01] , [ 0.00711097  0.03678902  0.01096352  0.01127691  0.0419973   0.2759527
  0.06709556  0.02632637  0.13150258  0.22639819  0.16458686] , [  9.40465434e-06   1.21164991e-02   1.44877798e-03   2.08417344e-03
   3.27056868e-02   3.64440289e-02   1.04699120e-01   3.27068455e-01
   2.20147975e-01   1.89730656e-01   7.35452237e-02] , [ 0.23530942  0.26264967  0.16651206  0.08716483  0.01397323  0.03910189
  0.01036874  0.00588023  0.04682131  0.00127985  0.13093878] , [ 0.00091814  0.00364885  0.00769807  0.10506625  0.1081092   0.22750195
  0.10914568  0.19390041  0.07807094  0.01067135  0.15526915] , [  3.36298787e-04   9.04638658e-04   1.19782534e-04   2.22320140e-03
   2.47941062e-01   2.47792221e-01   2.44918899e-01   1.94984748e-01
   1.90858255e-02   1.34421052e-02   2.82512174e-02] , [ 0.00749842  0.02151311  0.09652325  0.1520313   0.06363058  0.15288874
  0.06693285  0.06029754  0.10560225  0.00964795  0.26343401] , [ 0.05414123  0.05335049  0.0239237   0.00341418  0.02319944  0.23740355
  0.10349809  0.02867281  0.10436986  0.15287879  0.21514785] , [  1.83493520e-04   1.10206804e-02   2.09417103e-03   2.57131950e-03
   4.65393080e-02   5.71314811e-02   1.33853533e-01   1.76049658e-01
   1.60820180e-01   3.05554852e-01   1.04181323e-01] , [  1.11094202e-04   1.21786418e-03   6.85777821e-03   3.90678403e-02
   5.28387747e-01   2.08499134e-01   1.41786722e-01   3.75495689e-02
   1.58343947e-02   1.48046949e-03   1.92073871e-02] , [ 0.017999    0.1927908   0.11655376  0.02274446  0.00035312  0.02807624
  0.01967299  0.0035059   0.11756712  0.26090468  0.21983195] , [ 0.00092758  0.00212936  0.00193574  0.04900374  0.22052642  0.12994599
  0.27616676  0.14343238  0.02205575  0.00525103  0.14862524] , [  5.78424813e-01   1.41849382e-01   9.01398660e-02   8.75407380e-03
   2.99745056e-03   2.39037854e-02   4.89756031e-03   1.20243929e-04
   9.50086736e-03   5.06747435e-03   1.34344483e-01] , [ 0.00593274  0.17634459  0.18545     0.04406494  0.00129568  0.02397379
  0.03200677  0.0016273   0.07884695  0.35123692  0.09922032] , [ 0.00716492  0.22720987  0.303273    0.18305909  0.00703657  0.05672929
  0.02065261  0.00153036  0.02612493  0.01063664  0.15658271] , [  6.65470252e-05   3.33412594e-03   3.24181214e-04   3.57182080e-04
   2.07690966e-02   3.89623838e-02   5.92382294e-02   9.29835934e-02
   1.44161708e-01   6.03677562e-01   3.61253913e-02] , [ 0.00304273  0.00130337  0.06376927  0.31432766  0.3414641   0.13395843
  0.08298637  0.00788586  0.00230298  0.00111285  0.04784637] , [ 0.00477869  0.23904823  0.29590077  0.11261951  0.0027129   0.02856883
  0.01165194  0.00311892  0.05507742  0.02401838  0.22250442] , [  2.13118802e-06   5.64582868e-03   2.83591416e-04   1.43981155e-03
   2.68829627e-02   1.92971559e-02   1.33010006e-01   4.72045101e-01
   1.56545886e-01   1.09809799e-01   7.50377269e-02] , [ 0.01806105  0.09528565  0.00348433  0.00477375  0.0057039   0.01188914
  0.06188833  0.06428157  0.29043913  0.30842244  0.13577071] , [  3.90742192e-04   7.19290913e-03   1.61526867e-01   4.10971222e-01
   2.12733568e-01   7.88728074e-02   5.81237161e-02   2.12951596e-02
   1.42254544e-02   5.40054818e-04   3.41274985e-02] , [  3.97184549e-01   3.47234195e-01   8.38016962e-02   9.55503137e-04
   2.93672422e-04   5.99097854e-03   4.03906746e-03   1.99422694e-04
   2.78245585e-02   2.25695734e-02   1.09906784e-01] , [  2.12856829e-05   1.25060035e-02   2.26970546e-02   4.90375565e-02
   1.70746652e-01   9.70716034e-02   1.04673895e-01   1.24623547e-01
   1.21300169e-01   7.88740737e-02   2.18448160e-01] , [  2.42439348e-06   6.32703220e-03   1.50377136e-04   1.64137431e-03
   7.66146330e-02   6.59503102e-02   1.25562070e-01   3.98544386e-01
   2.49028842e-01   4.58759529e-02   3.03025980e-02] , [ 0.26917388  0.23358574  0.04305362  0.00197057  0.00247197  0.01946013
  0.01445819  0.00305424  0.10594896  0.14513499  0.16168771] , [ 0.00178581  0.03702699  0.00820142  0.00354922  0.02058577  0.02154637
  0.04057623  0.1107318   0.28384121  0.32622653  0.14592867] , [ 0.00248082  0.00972572  0.03107613  0.20903748  0.24838589  0.19690717
  0.11209823  0.01804632  0.02016067  0.02904499  0.12303658] , [ 0.00525502  0.02693454  0.03203851  0.04506156  0.11772288  0.05513428
  0.09197071  0.0510016   0.11561696  0.26188462  0.19737933] , [ 0.00165966  0.01334861  0.00265903  0.00189067  0.01094736  0.04599537
  0.06545282  0.16020062  0.19763227  0.47386721  0.02634641] , [ 0.00366201  0.05822561  0.21050246  0.14503277  0.00846583  0.05009125
  0.02492157  0.04208184  0.17187093  0.01638317  0.26876257] , [ 0.00054187  0.02143967  0.10987635  0.2417266   0.1190058   0.08485122
  0.09546363  0.05512986  0.04085025  0.01499821  0.21611656] , [  1.69215278e-03   1.00265754e-03   1.90674231e-04   3.46766341e-03
   2.22942100e-01   3.09344857e-01   2.30672267e-01   1.58880015e-01
   1.61091975e-02   1.08984622e-02   4.47999525e-02] , [ 0.04255248  0.14520064  0.08476315  0.08096412  0.00662017  0.12262243
  0.05772014  0.01391068  0.07640752  0.01086228  0.35837639] , [  2.41494879e-05   4.09288438e-03   3.20928652e-03   1.36527364e-02
   5.41237669e-02   1.02980956e-02   2.30520155e-01   4.47836991e-01
   6.69501030e-02   1.29810534e-01   3.94812983e-02] , [  4.91329754e-01   2.98284780e-01   3.25034593e-02   3.80842525e-04
   9.02441551e-05   3.03341916e-02   2.13229373e-03   2.23398720e-05
   3.40967026e-02   6.08203331e-02   5.00050586e-02] , [ 0.00580654  0.38228466  0.04918947  0.00288451  0.00125495  0.04966193
  0.05100245  0.00138996  0.11826975  0.2665033   0.07175248] , [ 0.02012535  0.12462665  0.24849115  0.06253116  0.00164859  0.06250196
  0.04163581  0.00479182  0.08876762  0.18458114  0.16029877] , [  6.13579636e-04   4.58906038e-02   2.02605455e-04   6.06683491e-05
   1.02125833e-04   1.11742846e-02   2.10761789e-02   1.49421459e-02
   1.97695881e-01   5.11291559e-01   1.96950367e-01] , [ 0.00516307  0.11680051  0.36894099  0.1892148   0.01091136  0.05420929
  0.04910122  0.00834584  0.05097691  0.00837795  0.13795805] , [ 0.18612095  0.22556515  0.26379804  0.02132689  0.01186139  0.11853753
  0.05617546  0.00226418  0.0285096   0.02081074  0.06503006] , [ 0.09316172  0.0722417   0.01820731  0.0562766   0.05845054  0.07411228
  0.1701545   0.04806834  0.12679427  0.0673961   0.21513664] , [ 0.23386098  0.26499045  0.17882786  0.09138469  0.01218653  0.03370658
  0.00894977  0.00530597  0.04389086  0.00104262  0.12585369] , [ 0.00099911  0.04476242  0.00246636  0.00071119  0.01221597  0.05663117
  0.07415752  0.08757997  0.22997228  0.36767743  0.12282658] , [ 0.11793185  0.03512374  0.3023497   0.36193779  0.02262365  0.07618548
  0.01591563  0.00065328  0.01003848  0.00336586  0.05387454] , [  2.89307396e-01   2.87826324e-01   1.17036511e-01   1.05718767e-02
   3.62840650e-04   3.29695100e-02   8.04000909e-03   8.84720345e-05
   3.67491970e-02   1.44547838e-01   7.25000253e-02] , [ 0.01132621  0.24241319  0.14871588  0.02324186  0.00281882  0.11358713
  0.06289926  0.00476045  0.12250624  0.1370964   0.13063456] , [ 0.00325964  0.01031046  0.00034544  0.00353832  0.02842178  0.07399505
  0.34509644  0.29439098  0.071937    0.04414673  0.12455818] , [ 0.00020547  0.00533344  0.00142506  0.02394635  0.18771628  0.16471542
  0.19351222  0.19309223  0.12234509  0.05469915  0.05300928] , [ 0.0070661   0.00157132  0.00515205  0.02272334  0.21898302  0.12436979
  0.20286445  0.27819933  0.03429435  0.03737821  0.06739805] , [  2.75608228e-01   2.57744954e-01   1.74171847e-02   6.62609622e-04
   6.31628851e-05   1.65545512e-02   1.32223921e-02   7.95699459e-04
   6.98428910e-02   2.24070830e-01   1.24017497e-01] , [  2.09167337e-07   9.70538009e-03   1.49212520e-02   9.08104496e-02
   1.21950751e-01   4.62389008e-02   1.01858233e-01   1.79890293e-01
   2.47976921e-01   1.26020402e-01   6.06272073e-02] , [ 0.00491534  0.05893693  0.02894683  0.00934055  0.01672855  0.07135904
  0.06478585  0.02491057  0.12979449  0.23776206  0.35251979] , [  2.14421419e-01   2.32422103e-01   1.41415725e-03   1.31933479e-05
   1.22953150e-05   1.06651719e-02   1.62396056e-03   1.45035341e-04
   9.24444104e-02   3.75759176e-01   7.10790774e-02] , [  3.46224696e-07   1.64998552e-02   2.54312000e-03   5.70016146e-03
   5.86916129e-03   2.32968897e-02   5.07591491e-02   1.18743533e-01
   3.23486928e-01   3.21025183e-01   1.32075672e-01] , [ 0.05954165  0.11804513  0.09959779  0.15287502  0.09294922  0.2168993
  0.03485613  0.03927585  0.06743452  0.00126294  0.11726246] , [  4.18350462e-01   3.05430141e-01   6.55231310e-02   5.43193801e-04
   1.73247383e-05   4.69762261e-03   7.62150697e-04   1.86775153e-05
   2.09479049e-02   8.33835486e-02   1.00325843e-01] , [ 0.0003609   0.00487873  0.01335596  0.09159986  0.26569185  0.21240078
  0.27376883  0.06745052  0.01420996  0.00098872  0.05529387] , [  6.03881259e-01   1.50479277e-01   7.62204506e-02   3.43333552e-03
   2.32967757e-04   6.59628416e-02   3.21902034e-03   4.42972313e-05
   1.82160001e-02   1.64893413e-02   6.18212095e-02] , [ 0.36212335  0.04391268  0.00680141  0.00169605  0.02765196  0.16231271
  0.11309578  0.04048764  0.05417453  0.01643124  0.17131265] , [ 0.00818405  0.04576472  0.05396803  0.18314127  0.10137324  0.20413234
  0.09358228  0.01258097  0.04561982  0.08093445  0.17071884] , [ 0.00028958  0.0231277   0.02388396  0.08183099  0.18590678  0.24140913
  0.24286817  0.06807514  0.06355825  0.0092579   0.05979241] , [ 0.02852919  0.23465742  0.22898877  0.15082025  0.0167692   0.07370378
  0.02892022  0.00442876  0.04973527  0.01661825  0.16682887] , [  1.58032205e-05   1.62319064e-03   8.22339925e-05   1.55273322e-03
   2.31730596e-01   1.49876194e-01   1.91172929e-01   2.82362942e-01
   9.33423620e-02   1.92186937e-02   2.90223224e-02] , [  7.60107913e-04   7.92741666e-03   2.24069885e-04   2.02826768e-03
   3.25103642e-02   7.52788329e-02   3.42030325e-01   3.38647346e-01
   7.67472166e-02   3.96947519e-02   8.41513014e-02] , [ 0.00153141  0.00225449  0.00090218  0.04985251  0.21899458  0.07908863
  0.3496301   0.19671655  0.0152582   0.0058628   0.07990856] , [ 0.00808526  0.1547731   0.03223428  0.00339823  0.00612521  0.01340628
  0.02740312  0.07241791  0.30823816  0.12658271  0.24733574] , [ 0.0137151   0.12356248  0.24225785  0.22795625  0.02451844  0.12642063
  0.07714952  0.00730346  0.04362223  0.00944901  0.10404502] , [ 0.02951222  0.02582812  0.00431434  0.0044521   0.05768505  0.04396367
  0.17184023  0.12559847  0.13026771  0.3405371   0.066001  ] , [ 0.01199646  0.0264338   0.35538029  0.37182874  0.03550959  0.03067645
  0.01845465  0.00474604  0.00649083  0.00056408  0.13791908] , [ 0.01294624  0.3580544   0.19260427  0.06689856  0.00410154  0.05911476
  0.02000763  0.00110432  0.04880886  0.05281525  0.18354418] , [  1.82573613e-04   1.01051296e-02   9.79550069e-03   2.96149386e-02
   2.91863420e-02   6.78749655e-02   1.42934751e-01   3.00173099e-01
   1.08909536e-01   1.01307994e-02   2.91092364e-01] , [  5.62639837e-01   2.05584414e-01   6.08229516e-02   1.63528697e-03
   6.82249708e-05   3.83641559e-02   2.64375675e-03   3.13368101e-05
   1.96865613e-02   3.22555063e-02   7.62679680e-02] , [ 0.04039071  0.16556484  0.02622519  0.01015378  0.02756668  0.13973402
  0.0526827   0.0603144   0.20652972  0.04167977  0.22915819] , [ 0.09869679  0.1059952   0.10941594  0.1908451   0.09116242  0.15121745
  0.03061311  0.01329728  0.04236385  0.00222775  0.1641651 ] , [  6.64149291e-05   1.15586051e-02   2.24465704e-03   1.14911533e-02
   1.79576339e-01   1.34806398e-01   2.26918308e-01   2.54128001e-01
   9.42424094e-02   4.00772251e-03   8.09599916e-02] , [ 0.0119563   0.00516409  0.10133931  0.46048539  0.09489512  0.16073494
  0.04664813  0.00573449  0.01341782  0.00700424  0.09262016] , [ 0.0056804   0.20769557  0.32356006  0.14259639  0.00415711  0.03342125
  0.01452056  0.00367057  0.04964956  0.0203701   0.19467843] , [  4.06946427e-06   5.39533971e-03   1.08607265e-04   6.33118636e-04
   1.13759572e-01   8.38317303e-02   1.77110551e-01   3.21928398e-01
   2.12680272e-01   4.48488458e-02   3.96994945e-02] , [ 0.07825042  0.193425    0.13980565  0.0195083   0.02875721  0.17378667
  0.13644916  0.01180265  0.05896546  0.05979201  0.09945747] , [  5.40717080e-04   7.95051148e-03   3.20930753e-04   8.38167335e-05
   7.42138948e-03   4.09532818e-02   4.40069741e-02   9.09465260e-02
   2.13699698e-01   5.58673622e-01   3.54025324e-02] , [  1.53548998e-05   1.18222840e-02   4.47265569e-02   1.21977512e-01
   1.45245583e-01   6.11235253e-02   1.07858290e-01   1.57169320e-01
   9.56320708e-02   5.27915671e-02   2.01637937e-01] , [ 0.00343776  0.09416865  0.06350155  0.04730843  0.10539565  0.06072604
  0.30339842  0.17426888  0.06530574  0.0144327   0.06805617] , [  1.68945932e-01   8.44502662e-02   2.04677041e-02   2.20430280e-04
   5.11072420e-04   5.71640596e-02   2.07022305e-02   2.43311248e-03
   7.58088615e-02   4.03134209e-01   1.66162122e-01] , [  4.07945635e-01   2.49528406e-01   1.72989440e-01   7.33286288e-03
   9.72794073e-04   1.19842697e-02   3.84855938e-03   8.25872954e-05
   9.73213842e-03   4.13035644e-03   1.31452951e-01] , [  1.19759522e-04   5.90960896e-03   1.16228406e-03   7.46446135e-03
   2.87520313e-03   7.42231524e-03   2.63227176e-02   3.14436721e-02
   1.39709642e-01   7.28233327e-01   4.93370096e-02] , [  1.19143051e-04   9.35034710e-03   9.96456782e-04   7.51199327e-03
   2.24599187e-01   1.95176684e-01   2.18898509e-01   1.09483810e-01
   6.95787743e-02   8.95945211e-02   7.46905745e-02] , [ 0.01641901  0.17602193  0.14073064  0.14786638  0.11231219  0.18633831
  0.05576801  0.01445898  0.04992753  0.00309135  0.09706565] , [  1.43157177e-06   7.95364455e-03   2.28210527e-03   8.36912681e-03
   3.49089296e-02   3.05377930e-02   6.55652344e-02   4.37700642e-01
   2.25423481e-01   1.19892820e-01   6.73647923e-02] , [ 0.03982064  0.05119439  0.02200634  0.09638681  0.11277264  0.22096645
  0.15777468  0.05066565  0.05683253  0.04407337  0.14750651] , [  4.90576955e-06   2.54237099e-02   5.29752426e-02   2.19063971e-01
   1.50904809e-01   1.13232151e-01   7.93865687e-02   1.04036450e-01
   1.61247332e-01   1.15678836e-02   8.21569771e-02] , [  4.88977140e-01   2.41703348e-01   1.67599933e-02   2.25161757e-04
   1.14749371e-04   4.04782358e-02   2.64094201e-03   3.59701466e-05
   4.48449805e-02   1.09594283e-01   5.46251955e-02] , [  2.08379332e-04   4.10558397e-04   1.23657998e-03   7.41573169e-02
   3.59013310e-01   1.00793516e-01   2.50211630e-01   1.52366321e-01
   5.49946036e-03   5.04506807e-04   5.55984216e-02] , [ 0.00195383  0.00788533  0.06311637  0.23496451  0.12773817  0.13739213
  0.09727745  0.10568285  0.04398992  0.00169455  0.17830487] , [ 0.01368138  0.02613943  0.33180966  0.400098    0.03894398  0.03385301
  0.01786859  0.00416418  0.0064219   0.00076376  0.12625611] , [ 0.00258211  0.07451453  0.03977483  0.03254638  0.10030269  0.06016087
  0.31009809  0.20721531  0.07662966  0.02172928  0.07444624] , [  1.70885685e-06   8.62817731e-03   5.50347567e-03   2.47009282e-02
   2.07256011e-01   1.65663006e-01   2.02122070e-01   2.40866894e-01
   1.05754230e-01   5.23171602e-03   3.42717838e-02] , [ 0.07566229  0.14222597  0.24479058  0.08795383  0.00102483  0.04015856
  0.01477502  0.0026394   0.07709032  0.07850217  0.23517703] , [  3.14543612e-05   1.24870958e-02   7.67304679e-03   2.41814118e-02
   2.52128357e-01   1.63006149e-01   1.91834601e-01   1.45938039e-01
   1.17587969e-01   8.56458472e-03   7.65672926e-02] , [  1.18277066e-07   1.37538265e-02   2.40152946e-03   5.12664724e-03
   4.66375404e-03   1.54264155e-02   3.54995223e-02   1.16926660e-01
   3.32847190e-01   3.68641728e-01   1.04712609e-01] , [  5.30464627e-01   9.73745226e-02   1.79582242e-02   6.67838565e-04
   3.73887442e-04   5.62102033e-03   4.76082177e-03   3.44838211e-04
   3.11522732e-02   2.27136412e-01   8.41455341e-02] , [  1.08113766e-01   2.13220936e-01   1.21623059e-02   7.16187151e-04
   1.69409036e-04   2.79595638e-02   1.78928516e-02   1.47456062e-03
   1.13173711e-01   3.81681311e-01   1.23435398e-01] , [ 0.00223913  0.31231907  0.06308937  0.00788451  0.000765    0.0508894
  0.03086803  0.00323245  0.16065984  0.23011321  0.13793999] , [ 0.00130504  0.04208815  0.18001666  0.24361628  0.03824007  0.13886369
  0.09508082  0.02063145  0.04432972  0.00487165  0.19095647] , [ 0.00473502  0.01654981  0.00530712  0.0096252   0.08532736  0.24097764
  0.08304007  0.0232      0.09494402  0.30478676  0.131507  ] , [ 0.00304843  0.0050646   0.09419541  0.34795566  0.29939501  0.05620908
  0.07061948  0.01607004  0.01520743  0.02717955  0.06505531] , [  1.24798786e-06   8.56155336e-03   1.35101593e-02   1.48776250e-01
   4.86151327e-02   3.00160621e-02   5.57335918e-02   3.67267189e-01
   1.66556340e-01   1.04563011e-01   5.63994627e-02] , [  6.23980086e-05   7.46092261e-03   1.28033723e-02   1.55175080e-01
   1.74925012e-01   1.20037996e-01   1.25828617e-01   1.84758847e-01
   7.21869696e-02   5.76435243e-02   8.91172613e-02] , [  4.99685166e-01   1.02545391e-01   1.71002248e-02   6.62424631e-04
   4.62360243e-04   6.71460827e-03   5.56755603e-03   4.53322296e-04
   3.68323583e-02   2.41579001e-01   8.83975879e-02] , [ 0.16833089  0.46967501  0.05886542  0.00221415  0.00101928  0.01171089
  0.01454119  0.0019229   0.07974819  0.06358195  0.12839013] , [  8.86998066e-06   1.13866756e-02   1.82258758e-03   1.98752770e-03
   4.80453752e-02   3.84722030e-02   1.27118027e-01   2.60784134e-01
   1.89157559e-01   1.75631348e-01   1.45585693e-01] , [ 0.00026865  0.01346745  0.10789252  0.25785036  0.1524397   0.07516972
  0.1222135   0.07083801  0.02330794  0.0051148   0.17143735] , [ 0.00063824  0.02025566  0.02221392  0.1685637   0.20282532  0.2999799
  0.1960262   0.01563651  0.02115249  0.00457582  0.04813224] , [  4.58986813e-06   1.15565572e-02   3.59941043e-02   1.90648594e-01
   2.15923359e-01   1.35798670e-01   9.24666908e-02   1.38783974e-01
   1.11721250e-01   5.47817608e-03   6.16240345e-02] , [  1.63000886e-04   1.35707130e-02   2.66038838e-03   1.09334650e-02
   6.99618078e-02   6.14122847e-02   1.80031371e-01   1.69009123e-01
   2.16071931e-01   1.67416097e-01   1.08769818e-01] , [ 0.2090701   0.06760429  0.06367657  0.02352143  0.03235937  0.09712587
  0.14812395  0.04107239  0.06346954  0.10151773  0.15245877] , [  1.47213756e-04   1.15342504e-02   7.75795064e-04   2.70794868e-03
   9.66162938e-03   2.19328217e-02   1.16244925e-01   9.58758978e-02
   1.54035217e-01   3.92317398e-01   1.94766903e-01] , [ 0.05156065  0.09254535  0.09439598  0.2014615   0.13849887  0.18504034
  0.04025667  0.01703323  0.04184033  0.0019625   0.13540457] , [  2.45043868e-01   3.25504535e-01   3.45904713e-02   9.23300182e-04
   4.76587745e-04   1.97804750e-02   1.34959790e-02   1.95893354e-04
   6.52727211e-02   2.29537844e-01   6.51783256e-02] , [  4.64517604e-01   2.87319078e-01   6.31392635e-02   8.72784813e-04
   3.95295372e-04   7.16615434e-03   4.42235091e-03   1.36822057e-04
   2.39626642e-02   4.09188834e-02   1.07149099e-01] , [ 0.2569769   0.13994256  0.2630361   0.15120273  0.00198358  0.04542193
  0.01926308  0.00071751  0.02066602  0.02148893  0.07930066] , [  3.13563825e-05   2.33358928e-02   1.39063118e-01   2.38869382e-01
   1.10301519e-01   8.31607296e-02   1.13387531e-01   3.33147868e-02
   1.10996234e-01   5.52961175e-02   9.22433339e-02] , [  2.27722742e-05   2.41262433e-02   1.16133109e-01   1.28073231e-01
   1.14795554e-01   1.17685070e-01   1.77837943e-01   7.32622353e-02
   1.18179367e-01   2.33265113e-02   1.06557966e-01] , [  3.12753520e-06   1.04001855e-02   3.33553718e-04   2.44676302e-03
   6.86971997e-02   7.07014428e-02   1.30385055e-01   3.53184797e-01
   2.74506224e-01   4.76345192e-02   4.17071328e-02] , [ 0.23924163  0.15801155  0.24797781  0.15072643  0.00245699  0.05793578
  0.01941797  0.00060579  0.02099193  0.01808326  0.08455085] , [ 0.02172571  0.03446711  0.15026124  0.37370536  0.04940603  0.20182933
  0.06045042  0.0057486   0.01122898  0.00071536  0.09046185] , [ 0.00052889  0.00101055  0.011677    0.06753441  0.43168323  0.18322266
  0.12599057  0.08250484  0.02283424  0.02979094  0.04322267] , [ 0.00139348  0.07070971  0.00090054  0.0009471   0.00789577  0.07115742
  0.12150062  0.02504946  0.20150239  0.32976473  0.16917879] , [ 0.00053024  0.00743927  0.11059614  0.42299398  0.15520427  0.13874589
  0.10358935  0.01280007  0.00821561  0.0011609   0.03872429] , [ 0.18641406  0.01019053  0.14609135  0.19783008  0.12107094  0.19957582
  0.07621018  0.00227602  0.00685473  0.00229411  0.05119218] , [  3.20114086e-06   3.99505638e-03   2.54515862e-04   3.65149365e-03
   1.87678426e-01   7.64106010e-02   1.95193599e-01   2.98265421e-01
   9.50053497e-02   9.75170554e-02   4.20252809e-02] , [ 0.02211436  0.04644682  0.00524048  0.00307737  0.10235362  0.2841056
  0.19981787  0.04096054  0.08417499  0.07033952  0.14136884] , [ 0.00292541  0.06804139  0.14479901  0.15661176  0.22760993  0.09304121
  0.17197517  0.0559372   0.03302279  0.0030237   0.04301244] , [ 0.00091829  0.00425994  0.00389241  0.05221939  0.21064815  0.32020958
  0.17116785  0.09113812  0.05223352  0.01208352  0.08122924] , [ 0.02323285  0.00427642  0.047686    0.16064481  0.26652044  0.24086664
  0.12993589  0.02853576  0.01157515  0.00062125  0.0861048 ] , [ 0.02548291  0.15398701  0.0075474   0.00126131  0.00441802  0.05015478
  0.0240473   0.06296109  0.34371428  0.12852152  0.19790438] , [ 0.04425874  0.09793515  0.10079582  0.21141565  0.12893783  0.16512237
  0.03985461  0.01902334  0.04478973  0.00207602  0.14579074] , [ 0.20796369  0.16800878  0.1492464   0.0900422   0.00183784  0.05282057
  0.03359048  0.00194543  0.04896249  0.1140456   0.13153651] , [ 0.04377972  0.13080071  0.11927864  0.19658465  0.08257466  0.13507767
  0.03308671  0.01705676  0.05854249  0.00362891  0.17958907] , [  3.86619129e-01   1.70483375e-01   5.21041870e-03   2.46684216e-05
   5.62423985e-06   8.72925092e-03   1.53814306e-03   1.93823257e-05
   2.07300436e-02   3.10754212e-01   9.58857526e-02] , [ 0.18910756  0.01537003  0.16652753  0.19072146  0.08391787  0.19812232
  0.07559095  0.00208057  0.00855553  0.0034041   0.06660208] , [ 0.00089698  0.00682801  0.0341462   0.17866212  0.15939576  0.22633819
  0.07128973  0.08312568  0.08667937  0.0075972   0.14504076] , [  1.13590005e-04   4.72631176e-02   1.58389483e-05   9.50863585e-06
   3.47752147e-04   1.10458455e-02   5.04584244e-02   3.33049076e-02
   2.88799966e-01   5.34755757e-01   3.38852919e-02] , [ 0.34669332  0.3121759   0.12872585  0.02443664  0.00302218  0.01742151
  0.00532134  0.00216258  0.04202683  0.0018545   0.11615935] , [  2.14992036e-04   1.12497033e-02   4.07394524e-02   2.75211838e-01
   2.20792482e-01   2.37055628e-01   1.25726833e-01   2.10458658e-02
   1.89138427e-02   1.91581321e-03   4.71335503e-02] , [ 0.16721352  0.13756711  0.14065562  0.13527332  0.00378466  0.07355601
  0.05399116  0.00537282  0.05680741  0.0829918   0.14278657] , [ 0.0010645   0.08476661  0.0015614   0.00120441  0.00701694  0.06203347
  0.09301862  0.01958788  0.22022799  0.32730056  0.18221762] , [ 0.0138788   0.21529425  0.05937749  0.0097402   0.00076384  0.01547555
  0.01801443  0.00828187  0.10240876  0.15513371  0.40163111] , [  3.08697049e-05   7.71916766e-03   1.13476335e-02   1.13942153e-01
   1.63975823e-01   1.11068786e-01   8.86867458e-02   1.32811358e-01
   1.11117811e-01   1.41516754e-01   1.17782899e-01] , [  8.65676647e-06   1.61835213e-03   4.02537794e-04   8.87546446e-03
   6.38968553e-03   7.92434182e-03   3.88437865e-02   8.71551993e-02
   1.31543054e-01   6.79840605e-01   3.73983168e-02] , [  2.04152552e-01   3.02215757e-01   1.76643425e-03   8.93568081e-06
   2.34054757e-06   5.06826525e-03   1.18823267e-03   5.63753191e-05
   1.40841221e-01   3.17993718e-01   2.67061684e-02] , [ 0.00414489  0.12072697  0.08965961  0.05393058  0.09885191  0.0654171
  0.29527131  0.11298437  0.06306751  0.01527698  0.08066877] , [ 0.01070926  0.00352176  0.10690727  0.45852971  0.14603415  0.16188062
  0.04500747  0.00434368  0.00660084  0.0016893   0.05477594] , [ 0.05545495  0.06444616  0.36030275  0.36823596  0.01316369  0.06253708
  0.01470585  0.00057801  0.01062812  0.0025101   0.04743733] , [  7.04779402e-01   1.22613320e-01   1.55463575e-02   2.89388555e-04
   4.15572139e-04   9.84846278e-03   4.34963888e-03   3.16113255e-05
   8.15224809e-03   6.72475052e-02   6.67264936e-02] , [ 0.00299085  0.01082541  0.0314132   0.214253    0.21939331  0.21121879
  0.11309095  0.01769693  0.02161776  0.03553654  0.12196326] , [ 0.0090415   0.13350045  0.04219998  0.03118987  0.00676691  0.04921392
  0.04128887  0.00448666  0.0795821   0.41586078  0.18686897] , [ 0.04241476  0.40617848  0.08631824  0.026663    0.01653405  0.07413547
  0.02169532  0.01750414  0.14875666  0.00803201  0.15176788] , [ 0.0086915   0.05001905  0.01055856  0.02191556  0.10954328  0.2163424
  0.19888741  0.07371224  0.09149071  0.0921952   0.1266441 ] , [  4.34500581e-08   7.58905969e-03   1.17260694e-03   5.88270616e-03
   8.97457215e-03   7.85233181e-03   3.10417131e-02   3.89167928e-01
   3.71129484e-01   1.17932066e-01   5.92574881e-02] , [  1.83035051e-04   2.21062448e-02   4.59672458e-02   1.35920510e-01
   1.52926212e-01   2.33902670e-01   2.02176815e-01   7.14583537e-02
   6.83650667e-02   9.30223329e-03   5.76916133e-02] , [  4.02154125e-03   2.77647797e-01   1.63236239e-01   1.61325647e-02
   3.18731564e-04   7.72378349e-03   1.39532934e-02   3.77408415e-04
   6.75817207e-02   3.92784711e-01   5.62222098e-02] , [ 0.00065197  0.08378322  0.07543251  0.11460809  0.07081858  0.11773536
  0.14157384  0.05285667  0.14478878  0.02537301  0.17237797] , [ 0.07717693  0.17065777  0.09050332  0.08719302  0.05688876  0.19374068
  0.03354036  0.02945806  0.09581417  0.00374427  0.16128266] , [ 0.00878702  0.00290352  0.0012993   0.00241486  0.08894446  0.03972604
  0.24589565  0.30306796  0.05639867  0.18414518  0.06641734] , [ 0.00330653  0.2719485   0.15518463  0.01651759  0.00041371  0.00901521
  0.0183992   0.00059175  0.07346208  0.38768584  0.06347498] , [  5.50775292e-07   2.80108902e-03   2.71270728e-03   2.98601119e-02
   2.27523061e-01   4.39536798e-02   1.64627123e-01   2.48079241e-01
   1.32242946e-01   7.29399116e-02   7.52595785e-02] , [ 0.00087671  0.00538318  0.08849968  0.35352813  0.17455727  0.13039743
  0.06636889  0.05520939  0.02780999  0.00096108  0.09640826] , [ 0.00584026  0.03628261  0.07425069  0.24540413  0.14718775  0.16231934
  0.10281058  0.01221422  0.02791262  0.03336147  0.15241633] , [ 0.34358589  0.17239444  0.31077317  0.04128499  0.00884208  0.01624533
  0.00811398  0.00036951  0.00787094  0.00057276  0.08994691] , [  1.47609983e-05   4.79887090e-03   2.09673921e-03   4.69594701e-03
   5.69932683e-02   5.61502921e-02   1.52568880e-01   4.95354687e-01
   1.12340592e-01   3.77150510e-02   7.72709119e-02] , [  8.13765181e-08   1.28541845e-03   3.17505720e-04   4.47784170e-03
   1.29186346e-02   2.45254784e-02   7.82820676e-02   5.07451811e-01
   1.96412479e-01   1.12464160e-01   6.18645225e-02] , [  1.91089069e-04   1.94361346e-01   1.12052096e-02   3.15077460e-03
   6.02215725e-04   2.27477980e-02   1.63374614e-02   1.62097781e-02
   3.23311240e-01   1.48094506e-01   2.63788581e-01] , [ 0.00901062  0.02765015  0.06465584  0.11101123  0.17893615  0.05863368
  0.11118625  0.06315376  0.07388491  0.06841054  0.23346686] , [ 0.00135321  0.00593842  0.00166925  0.00379055  0.05930465  0.06778398
  0.08827969  0.4287293   0.18027029  0.1301905   0.03269017] , [ 0.00815438  0.00121676  0.06575453  0.33847563  0.31047166  0.13786597
  0.08087233  0.00730846  0.00174407  0.00079069  0.04734552] , [  1.11668899e-05   6.28658502e-03   9.93332123e-04   1.25725743e-03
   5.47022462e-02   4.63909021e-02   1.78695395e-01   3.17262007e-01
   1.34416777e-01   1.42087731e-01   1.17896601e-01] , [ 0.00102613  0.0384979   0.1894962   0.29285404  0.04543354  0.122585
  0.07256544  0.01480678  0.04643505  0.00694464  0.16935527] , [ 0.26625531  0.30549099  0.03156933  0.00387966  0.00206459  0.0192861
  0.01241305  0.0019117   0.07983121  0.09649791  0.18080015] , [ 0.00062722  0.02351206  0.00047781  0.00121179  0.00412643  0.04185816
  0.07233494  0.05873606  0.22342539  0.47060282  0.10308734] , [  1.54068159e-06   2.69680462e-03   5.64321611e-03   9.86838462e-02
   3.64882025e-01   2.10305902e-01   1.79510946e-01   8.23041764e-02
   2.88905558e-02   2.67701326e-03   2.44039740e-02] , [ 0.07214809  0.15122777  0.08919052  0.0316611   0.02159219  0.14909729
  0.07852649  0.01216814  0.09174506  0.19424149  0.10840184] , [ 0.00783953  0.03879984  0.06485255  0.26623106  0.11404988  0.16380677
  0.090399    0.01331497  0.03523532  0.05306776  0.15240332] , [ 0.01297089  0.03037032  0.0100177   0.01846807  0.08591029  0.15204495
  0.21286672  0.10384304  0.0888333   0.17587515  0.10879958] , [ 0.00055689  0.02680126  0.00057973  0.00135735  0.0041541   0.03736265
  0.07142691  0.07130485  0.24929241  0.42618496  0.11097889] , [ 0.00065864  0.0014255   0.02111162  0.10312832  0.34099104  0.20854799
  0.12713187  0.09251026  0.02474739  0.02469047  0.05505692] , [ 0.00088595  0.01384484  0.00096588  0.00328387  0.16541013  0.39001175
  0.14596669  0.02997985  0.07043622  0.11603833  0.06317648] , [ 0.01899177  0.021449    0.01738692  0.06421833  0.13115716  0.23989994
  0.24277413  0.06218622  0.02710153  0.0203578   0.1544772 ] , [  2.53532362e-06   1.12082146e-03   4.27367793e-04   7.94336567e-03
   1.97695140e-01   5.97357309e-02   2.30845050e-01   2.90191287e-01
   8.51001748e-02   8.96185022e-02   3.73200252e-02] , [ 0.00124473  0.06470946  0.00073526  0.00086789  0.00895467  0.07880293
  0.14725095  0.03400478  0.1998495   0.29906803  0.1645118 ] , [ 0.04545565  0.00287558  0.03943437  0.14481174  0.29392245  0.25669555
  0.12102242  0.01797684  0.00786351  0.00058085  0.06936105] , [  1.35775571e-05   8.88353426e-03   4.86157409e-03   3.74208079e-02
   1.71143394e-01   5.46129343e-02   2.07761939e-01   3.54257473e-01
   7.51497800e-02   3.28933981e-02   5.30015880e-02] , [ 0.00129579  0.00122801  0.00299005  0.12732062  0.32925441  0.12809557
  0.19090862  0.12849109  0.01810624  0.00413178  0.06817782] , [  5.28588923e-05   3.47217404e-02   1.02469659e-01   1.79213442e-01
   1.38955665e-01   2.07374592e-01   1.22236940e-01   4.29225374e-02
   8.30050444e-02   5.56306165e-03   8.34844590e-02] , [ 0.21957239  0.12663385  0.11174992  0.05093972  0.02350627  0.15806696
  0.07247159  0.01255171  0.05708043  0.0564535   0.11097367] , [  3.18922435e-04   6.01365209e-02   2.55704511e-01   4.03414757e-01
   2.36683348e-02   2.19376186e-02   3.04323891e-02   1.60775288e-02
   3.05255586e-02   9.32221934e-03   1.48461639e-01] , [  4.76864294e-01   1.16475246e-01   1.79213806e-02   5.40581601e-04
   3.84032124e-04   5.89486846e-03   5.56308203e-03   4.25940899e-04
   3.74818348e-02   2.46403200e-01   9.20455403e-02] , [ 0.00180984  0.14644816  0.02074518  0.00140837  0.00125111  0.00371413
  0.01169657  0.00996598  0.21419932  0.53314483  0.0556165 ] , [ 0.01115879  0.38415424  0.13211578  0.05367054  0.00474896  0.07280878
  0.02235986  0.00124329  0.05992858  0.07180052  0.18601067] , [ 0.00824405  0.09352346  0.14834347  0.10143137  0.15882335  0.0939357
  0.21438391  0.076507    0.04204215  0.0040701   0.05869543] , [ 0.00204614  0.00777947  0.00551603  0.04404903  0.13336508  0.29352679
  0.21367374  0.11393353  0.05511396  0.00864812  0.12234812] , [  3.25499687e-05   1.28716913e-02   2.51380055e-03   1.79821928e-02
   3.86728210e-02   8.26359335e-02   1.39778282e-01   3.61248043e-01
   2.22534833e-01   6.67205127e-02   5.50093393e-02] , [  4.61512134e-01   2.06676683e-01   1.72481544e-01   5.21241341e-03
   3.45849674e-04   3.78680681e-02   6.59761049e-03   2.37230707e-05
   8.80377640e-03   1.37384230e-02   8.67397744e-02] , [  8.13263207e-06   1.27491105e-03   2.85642303e-04   6.09539098e-03
   8.98002592e-02   7.89665489e-02   2.56670687e-01   4.19729955e-01
   6.71680729e-02   2.94025299e-02   5.05978695e-02] , [  4.54555326e-01   3.03338073e-01   6.26714332e-02   7.96553296e-04
   2.78294389e-04   6.54943721e-03   4.06548336e-03   1.74751604e-04
   2.70081373e-02   3.73508534e-02   1.03211657e-01] , [  4.29643433e-01   2.32750500e-01   2.50574033e-02   2.36073353e-03
   3.23429859e-04   5.20740801e-02   1.01393089e-02   6.21890994e-05
   2.77882838e-02   1.55582053e-01   6.42185856e-02] , [ 0.0026308   0.01672494  0.00533466  0.00990584  0.11721274  0.26347168
  0.08983542  0.02759257  0.10320054  0.2498827   0.1142081 ] , [ 0.17639762  0.17603136  0.2605853   0.1504843   0.00252227  0.07110333
  0.01900391  0.00059274  0.02787001  0.03000812  0.08540103] , [  2.80012214e-01   2.19435316e-01   9.00078310e-04   5.72949332e-06
   5.96848903e-06   8.54422247e-03   1.57425871e-03   1.05704021e-04
   7.60845677e-02   3.51904557e-01   6.14273836e-02] , [  1.72534873e-06   2.73475303e-03   2.74257343e-04   7.86848019e-04
   3.46176114e-02   6.71205645e-02   1.45022057e-01   4.86256198e-01
   1.49163280e-01   6.89817960e-02   4.50409089e-02] , [  1.12859652e-04   4.89592241e-04   1.06926557e-03   5.28769480e-02
   3.65575915e-01   1.14186853e-01   2.56799083e-01   1.50621374e-01
   6.77300919e-03   6.05730471e-04   5.08893694e-02] , [ 0.00293239  0.03228133  0.02512216  0.11204434  0.0788321   0.34551938
  0.07933426  0.03813282  0.08669625  0.10158687  0.09751811] , [  1.14279889e-05   9.38341304e-03   6.25941056e-03   9.33737026e-03
   2.04016528e-02   1.44569115e-02   3.49620777e-02   5.08866414e-02
   1.51886693e-01   6.27540397e-01   7.48740052e-02] , [ 0.01350615  0.06128964  0.21967063  0.2436627   0.05561071  0.17582156
  0.09434331  0.00688539  0.03293658  0.00934205  0.08693129] , [  3.96394788e-01   9.54107693e-02   2.87785001e-02   1.71647791e-04
   2.84480933e-04   3.87899158e-02   1.40042935e-02   7.57768980e-04
   4.08703977e-02   2.61985297e-01   1.22552140e-01] , [  6.47175975e-05   5.81757652e-03   2.14580922e-02   5.36400993e-02
   4.27080039e-01   1.65937475e-01   1.81502698e-01   5.91694133e-02
   3.57995626e-02   2.33778645e-03   4.71925399e-02] , [ 0.04708052  0.12793651  0.06830811  0.07546683  0.00627694  0.11720042
  0.05620717  0.0154683   0.08304411  0.01475027  0.38826081] , [  7.76619324e-06   5.38949150e-02   3.28708279e-02   1.39813987e-01
   1.28768249e-01   8.55723383e-02   7.96208173e-02   8.00569836e-02
   1.82643739e-01   1.36545983e-01   8.02043935e-02] , [  2.87330502e-04   7.46004363e-04   2.93752972e-04   8.11828915e-03
   1.14074246e-01   3.63418443e-02   2.09614570e-01   5.13690545e-01
   6.09116475e-02   3.43694764e-02   2.15522942e-02] , [ 0.00526166  0.04491906  0.29600954  0.19840136  0.08764515  0.05970899
  0.02962698  0.01140134  0.03590882  0.00603806  0.22507903] , [ 0.02888662  0.10485542  0.22735281  0.21212519  0.02840178  0.10446819
  0.01894352  0.00683717  0.04510063  0.00740515  0.21562352] , [ 0.00032348  0.04669307  0.12714226  0.11917542  0.0480647   0.19330913
  0.17013771  0.02998558  0.09532703  0.04621999  0.12362163] , [  7.56792005e-05   7.11014188e-03   6.41036002e-03   3.21122821e-02
   4.56109529e-02   6.46718744e-02   1.80425056e-01   3.32834396e-01
   7.30028429e-02   5.12528794e-03   2.52621127e-01] , [ 0.0009515   0.10787971  0.18341102  0.08359934  0.02513653  0.18338222
  0.13163732  0.01726413  0.10779044  0.03810077  0.12084703] , [ 0.05736472  0.08511343  0.04871978  0.06816743  0.07734773  0.21769675
  0.09217519  0.03241875  0.07373564  0.02749033  0.21977026] , [  4.86210913e-01   3.25734206e-01   4.33293777e-02   4.07803671e-04
   8.69169330e-05   3.15008516e-02   1.94992197e-03   1.95801912e-05
   3.01000076e-02   2.85211763e-02   5.21392457e-02] , [ 0.00534269  0.00083932  0.00948315  0.06345787  0.47278802  0.19022183
  0.14252698  0.04561362  0.01123626  0.01834593  0.04014434] , [ 0.00532969  0.02805666  0.06620562  0.10804359  0.19780304  0.06023593
  0.11293498  0.08242607  0.07870698  0.04607543  0.21418202] , [ 0.17548969  0.11466966  0.11999063  0.03601865  0.00109129  0.0432777
  0.02083415  0.00395864  0.08853347  0.11382069  0.28231544] , [ 0.00389476  0.004458    0.00505337  0.03378094  0.16961818  0.31123672
  0.24769997  0.08997278  0.03119688  0.00497383  0.09811458] , [ 0.00430321  0.00341911  0.04434841  0.2180251   0.30740698  0.20662881
  0.11589334  0.02661383  0.01201264  0.00089314  0.06045542] , [ 0.00191179  0.05623775  0.00272408  0.00057623  0.01684316  0.11154851
