------------ LogisticRegression ------------
Predict Proba:
 [  8.56865815e-06   2.14692328e-02   9.10305367e-01   6.82168314e-02] , [  8.64934042e-01   7.26145445e-02   1.62492141e-06   6.24497888e-02] , [  1.79718164e-04   1.05649993e-01   8.61041579e-01   3.31287095e-02] , [ 0.07478454  0.7081379   0.0023456   0.21473196] , [  6.02447473e-04   1.23930240e-02   7.80161561e-01   2.06842967e-01] , [ 0.96574378  0.0194161   0.00329712  0.011543  ] , [  9.42787946e-01   1.46235085e-02   2.96227295e-04   4.22923180e-02] , [  9.17419446e-10   8.46050507e-01   3.70000727e-09   1.53949488e-01] , [ 0.01597454  0.03332403  0.85929833  0.0914031 ] , [  1.70269149e-06   6.92674691e-01   3.03627209e-10   3.07323606e-01] , [  5.54030593e-09   8.47912951e-01   3.33001989e-06   1.52083713e-01] , [ 0.00217861  0.00283056  0.98214104  0.0128498 ] , [ 0.95931793  0.01814986  0.01540811  0.0071241 ] , [  6.22421786e-08   2.27911443e-01   1.22478119e-03   7.70863714e-01] , [  1.75799475e-09   4.94243918e-02   3.37431738e-03   9.47201289e-01] , [  1.73660265e-01   5.05576716e-01   2.16394947e-05   3.20741380e-01] , [  2.20373611e-05   4.42992945e-01   5.21928038e-01   3.50569804e-02] , [  1.55265433e-05   4.00066197e-03   9.53895907e-01   4.20879045e-02] , [ 0.00163119  0.52886458  0.00064279  0.46886143] , [  1.02865783e-08   6.19358701e-01   4.40073329e-03   3.76240555e-01] , [ 0.78808935  0.05536049  0.10276348  0.05378668] , [  9.16018879e-01   7.41244045e-02   4.17593263e-05   9.81495709e-03] , [  1.36760981e-08   4.70056017e-01   4.99745383e-11   5.29943970e-01] , [  2.23458640e-11   3.32511008e-01   3.85181497e-03   6.63637177e-01] , [  6.81943976e-06   7.90402620e-03   6.27337699e-01   3.64751456e-01] , [  2.95554876e-04   5.68532890e-02   9.00456026e-01   4.23951300e-02] , [  6.81552662e-04   7.22524032e-01   2.65641183e-05   2.76767851e-01] , [  9.43877211e-01   4.24002478e-02   7.29076111e-05   1.36496339e-02] , [ 0.95799413  0.02032389  0.00107185  0.02061014] , [  9.85276990e-01   9.41359020e-03   4.87766685e-05   5.26064322e-03] , [  4.04562813e-11   3.77246760e-01   6.02207145e-04   6.22151032e-01] , [  7.67927129e-01   4.27097154e-02   3.45558444e-05   1.89328600e-01] , [ 0.040568    0.00856498  0.9346226   0.01624442] , [ 0.88705093  0.02114676  0.07647955  0.01532276] , [ 0.6056144   0.00224597  0.37155965  0.02057998] , [  5.26143697e-22   5.42016896e-02   7.68062607e-01   1.77735704e-01] , [  1.35789338e-11   2.87898410e-03   9.07404581e-01   8.97164346e-02] , [  3.90148313e-09   6.21847677e-01   3.32459834e-06   3.78148995e-01] , [ 0.1235034   0.00959314  0.81647189  0.05043156] , [  2.06054291e-08   3.97702943e-01   3.07951806e-06   6.02293957e-01] , [ 0.74187269  0.00407106  0.20266812  0.05138813] , [ 0.00215164  0.04968981  0.89101057  0.05714798] , [  2.29263501e-10   3.87329182e-01   5.35012836e-07   6.12670283e-01] , [  9.09828084e-01   5.19094953e-02   1.86296397e-05   3.82437914e-02] , [  4.15298966e-05   5.74396232e-01   4.82094118e-04   4.25080144e-01] , [  1.15674674e-09   5.03124652e-01   3.48319161e-10   4.96875346e-01] , [  3.48762927e-05   2.78382575e-03   8.38731063e-01   1.58450235e-01] , [  9.79341978e-01   2.28190972e-03   9.64999221e-04   1.74111129e-02] , [  8.40582631e-10   2.75810343e-03   8.56363553e-01   1.40878342e-01] , [ 0.73497877  0.00948843  0.20223314  0.05329966] , [  1.32899327e-21   3.27546354e-03   7.93398870e-01   2.03325666e-01] , [  6.12528036e-17   2.97282626e-03   7.41565323e-01   2.55461851e-01] , [ 0.19842294  0.0132031   0.72316203  0.06521193] , [  6.36936551e-01   9.08220424e-02   1.13626755e-05   2.72230044e-01] , [  2.31052091e-04   1.10000973e-02   8.72763700e-01   1.16005151e-01] , [  3.38689801e-07   2.95479500e-01   4.81964330e-03   6.99700518e-01] , [  2.46721960e-11   2.38167271e-01   1.77172406e-03   7.60061005e-01] , [  1.68377843e-10   1.05478935e-02   6.46563899e-02   9.24795716e-01] , [  7.83119147e-02   3.38960097e-02   3.22677326e-04   8.87469398e-01] , [  2.68967987e-08   8.32167424e-01   4.87477082e-04   1.67345072e-01] , [  4.06535778e-22   2.88327103e-02   9.05858442e-01   6.53088473e-02] , [ 0.90740528  0.0065646   0.03711173  0.04891839] , [ 0.1922826   0.60937159  0.00064277  0.19770304] , [  8.13966046e-14   7.19334348e-03   9.01970937e-01   9.08357192e-02] , [ 0.00407993  0.00609471  0.8805324   0.10929296] , [ 0.00419019  0.01305832  0.91860254  0.06414895] , [  6.01558538e-13   4.83478601e-01   2.65522984e-04   5.16255876e-01] , [  2.02104301e-09   6.62588457e-01   9.16168299e-06   3.37402379e-01] , [  2.29421953e-02   4.40590713e-01   4.40678122e-06   5.36462684e-01] , [  2.11886291e-06   3.04768216e-01   1.53028475e-06   6.95228135e-01] , [  1.69985121e-05   2.31214052e-01   1.25418763e-01   6.43350186e-01] , [  2.33868758e-19   5.35376863e-02   6.37486192e-01   3.08976122e-01] , [  8.90952587e-05   5.52416071e-01   2.27091988e-01   2.20402846e-01] , [  2.05750403e-18   2.60950409e-03   9.14668245e-01   8.27222512e-02] , [ 0.88292191  0.00900086  0.04503123  0.06304601] , [ 0.90079704  0.00712408  0.06314533  0.02893355] , [  4.54911135e-09   8.60454319e-01   3.26414611e-09   1.39545673e-01] , [  1.63130917e-02   3.25817047e-02   3.87723325e-05   9.51066431e-01] , [  4.01194209e-06   1.64825611e-01   4.30988332e-03   8.30860494e-01] , [ 0.95029089  0.01860544  0.00992312  0.02118055] , [  4.12964987e-05   3.69625791e-03   9.41073117e-01   5.51893281e-02] , [ 0.92108702  0.01411622  0.00230363  0.06249313] , [ 0.0022992   0.59980521  0.0015046   0.39639098] , [  1.35677859e-14   4.22894652e-01   5.72954571e-02   5.19809891e-01] , [  1.20589595e-09   6.44739396e-01   6.89179139e-05   3.55191684e-01] , [  1.08296838e-13   7.34533694e-01   1.00049243e-07   2.65466206e-01] , [ 0.62062411  0.01851673  0.00081398  0.36004518] , [  7.49608995e-05   2.14738966e-02   8.86584573e-01   9.18665690e-02] , [ 0.96720589  0.02183405  0.00288942  0.00807064] , [  1.50234353e-07   8.67984842e-01   8.23388910e-05   1.31932669e-01] , [  2.24276313e-07   6.80747413e-01   1.36991124e-09   3.19252361e-01] , [  4.87805668e-08   2.23819856e-02   4.69565445e-04   9.77148400e-01] , [  1.15190797e-09   1.92860867e-03   9.70516103e-01   2.75552873e-02] , [  9.17503790e-08   3.79896654e-03   9.80790279e-01   1.54106630e-02] , [  1.99727486e-10   5.59845715e-01   1.19629959e-05   4.40142321e-01] , [  7.21451033e-07   1.87962878e-01   7.85844704e-01   2.61916964e-02] , [  8.49217174e-01   1.43605173e-01   6.33473285e-05   7.11430483e-03] , [ 0.88645825  0.00103691  0.01260487  0.09989997] , [  7.80543385e-07   6.93742133e-03   9.85842193e-01   7.21960546e-03] , [  4.15949640e-09   3.57323993e-01   2.80233771e-02   6.14652626e-01] , [  7.10313139e-11   7.33274104e-01   3.08492321e-08   2.66725865e-01] , [  4.14491745e-07   6.33858775e-01   1.53854198e-05   3.66125425e-01] , [  7.89671822e-12   5.70939811e-01   1.75905048e-03   4.27301139e-01] , [  8.05851798e-01   1.83767137e-01   6.51473436e-06   1.03745495e-02] , [  2.25766493e-05   2.79418224e-02   8.12224340e-01   1.59811261e-01] , [  1.92911587e-04   1.43812475e-02   9.72207698e-01   1.32181425e-02] , [  4.01720059e-07   4.56055344e-01   3.22613954e-03   5.40718115e-01] , [ 0.90876112  0.00382495  0.06693419  0.02047974] , [  1.50952364e-06   7.62495946e-01   1.14028516e-09   2.37502543e-01] , [  5.86668568e-05   5.09886892e-01   3.13475444e-06   4.90051306e-01] , [  9.01598382e-01   1.21547166e-02   1.53595728e-04   8.60933053e-02] , [  5.35020488e-07   8.48458078e-04   9.78282474e-01   2.08685325e-02] , [ 0.96477377  0.02200275  0.00572356  0.00749991] , [  1.25465392e-21   9.65720639e-03   8.00862071e-01   1.89480722e-01] , [  6.92106138e-24   8.64666881e-03   5.09156223e-01   4.82197108e-01] , [  9.07881673e-01   7.52055338e-02   3.83456577e-04   1.65293365e-02] , [ 0.0548349   0.16567943  0.55082494  0.22866074] , [  5.32624575e-11   3.35948642e-01   1.53279773e-02   6.48723381e-01] , [ 0.00368706  0.00548818  0.91291552  0.07790924] , [ 0.1427287   0.54745927  0.00498417  0.30482785] , [  3.52631170e-05   4.71931585e-03   8.86038938e-01   1.09206483e-01] , [  2.77521512e-05   3.09415150e-01   1.32984585e-02   6.77258639e-01] , [  4.94706080e-10   4.68906938e-01   1.60964521e-01   3.70128540e-01] , [ 0.97226093  0.02083462  0.00153841  0.00536605] , [  4.65617236e-06   1.93968919e-02   9.66786637e-01   1.38118154e-02] , [  3.56180580e-08   9.72958632e-02   5.58534650e-01   3.44169451e-01] , [ 0.01084089  0.01132239  0.86744881  0.11038791] , [ 0.71117282  0.01392685  0.24658098  0.02831936] , [  3.18808883e-18   2.90942713e-03   6.79563394e-01   3.17527179e-01] , [  4.34591502e-08   5.29205004e-01   1.57175301e-06   4.70793380e-01] , [  2.74764945e-05   3.17103108e-03   9.86140184e-01   1.06613088e-02] , [ 0.80077039  0.03193335  0.04467066  0.1226256 ] , [  3.40148600e-05   3.03726602e-02   9.24219605e-01   4.53737204e-02] , [  2.04828175e-11   4.25523041e-01   1.53935260e-03   5.72937606e-01] , [  9.32088358e-18   1.33401828e-02   6.35304549e-01   3.51355269e-01] , [  2.12504918e-04   5.58002162e-02   7.04869733e-01   2.39117546e-01] , [  2.02607649e-05   3.77113230e-03   9.82606757e-01   1.36018496e-02] , [ 0.00637317  0.5585612   0.12963019  0.30543544] , [  6.67196144e-08   2.59995110e-01   1.99582883e-01   5.40421940e-01] , [  6.53283905e-06   1.91688406e-02   9.53656915e-01   2.71677116e-02] , [ 0.72628397  0.0043865   0.20351935  0.06581018] , [  3.40015712e-05   3.55665434e-01   4.23227402e-03   6.40068291e-01] , [  1.47589209e-04   1.83568340e-03   9.77475035e-01   2.05416925e-02] , [  1.65344254e-16   1.83808471e-03   8.34883398e-01   1.63278517e-01] , [  9.48888632e-01   3.73378714e-02   1.43333076e-05   1.37591636e-02] , [ 0.05880204  0.19795896  0.01091458  0.73232443] , [  2.44531700e-07   5.02321053e-01   6.16855466e-10   4.97678702e-01] , [  7.80465935e-09   1.92054693e-01   3.36323319e-05   8.07911666e-01] , [  1.31341993e-02   8.61050481e-01   4.57776841e-05   1.25769542e-01] , [  6.86441929e-06   5.43388040e-01   7.32015111e-06   4.56597775e-01] , [  5.59031006e-10   4.71788496e-01   1.01603634e-06   5.28210487e-01] , [ 0.04327766  0.00646645  0.92010784  0.03014805] , [  9.09120792e-24   2.95588276e-02   7.55735402e-01   2.14705771e-01] , [  1.88489612e-07   8.37782579e-01   2.71989593e-05   1.62190034e-01] , [  7.38759381e-01   6.48299662e-02   1.23914940e-05   1.96398261e-01] , [  9.55528226e-01   7.90190468e-03   8.18216405e-04   3.57516531e-02] , [ 0.02224782  0.01542692  0.72937507  0.2329502 ] , [ 0.89636764  0.01361236  0.0732051   0.01681491] , [  1.56951569e-10   4.53624580e-01   2.51536938e-06   5.46372904e-01] , [  8.71981105e-21   3.76326226e-03   8.07730756e-01   1.88505982e-01] , [  5.66794542e-16   1.32068878e-02   7.08607596e-01   2.78185516e-01] , [  8.53113395e-01   8.15704155e-02   8.52260624e-05   6.52309630e-02] , [ 0.0162896   0.19500506  0.19135798  0.59734736] , [  1.25306278e-09   1.48934456e-01   7.02998629e-04   8.50362544e-01] , [  1.07297830e-10   2.19354575e-01   3.83297289e-07   7.80645041e-01] , [  2.04270233e-06   5.39524260e-02   2.81222968e-02   9.17923234e-01] , [  8.01808256e-10   8.03769878e-01   7.30977432e-07   1.96229390e-01] , [  4.06425801e-07   6.88983768e-01   1.54121254e-06   3.11014284e-01] , [  7.79888630e-08   7.23340614e-01   1.47649422e-07   2.76659160e-01] , [  7.49778637e-01   2.45409085e-01   2.19439722e-06   4.81008419e-03] , [  8.98137660e-01   5.48720960e-02   3.82440009e-04   4.66078041e-02] , [  1.16490760e-10   3.24661205e-01   1.22019429e-06   6.75337575e-01] , [  3.80327532e-09   5.26502061e-01   7.81586599e-09   4.73497927e-01] , [  1.18036498e-06   9.28001635e-01   2.77417766e-07   7.19969072e-02] , [  4.61895494e-18   1.20206860e-02   8.40016389e-01   1.47962925e-01] , [  1.44125997e-04   5.33411799e-01   9.78290560e-02   3.68615019e-01] , [  1.27904318e-07   2.60774063e-02   4.66622792e-04   9.73455843e-01] , [  3.84330505e-06   9.34710021e-01   2.33411182e-03   6.29520235e-02] , [ 0.64760865  0.02593672  0.11623737  0.21021725] , [ 0.07066268  0.13764817  0.03152351  0.76016565] , [ 0.00091396  0.00480525  0.89875489  0.0955259 ] , [ 0.73580945  0.02600491  0.22070094  0.0174847 ] , [  1.48721931e-05   4.49113162e-02   1.19556467e-02   9.43118165e-01] , [ 0.00474022  0.17288506  0.23481194  0.58756279] , [  7.38625645e-04   1.28347270e-01   8.59663026e-01   1.12510780e-02] , [  8.87470645e-01   3.97274525e-02   3.91058728e-04   7.24108440e-02] , [  3.95807682e-06   5.57355817e-01   1.18880804e-07   4.42640106e-01] , [ 0.65306347  0.00763108  0.27509654  0.06420891] , [  1.93266983e-15   1.70209442e-03   6.54855000e-01   3.43442906e-01] , [ 0.00186421  0.00822164  0.93788732  0.05202683] , [  9.15114138e-01   4.64430562e-02   7.79884134e-06   3.84350068e-02] , [  5.40384813e-07   1.43245691e-03   9.41311878e-01   5.72551249e-02] , [  4.05822128e-11   2.98757660e-01   4.77045718e-04   7.00765295e-01] , [  1.56558876e-06   3.21452910e-01   1.41822044e-01   5.36723481e-01] , [ 0.93328331  0.03983744  0.0022677   0.02461155] , [  4.77693051e-06   1.65426084e-01   1.07035838e-03   8.33498780e-01] , [ 0.1373156   0.09648696  0.68129465  0.08490279] , [ 0.95421471  0.02958849  0.00722987  0.00896693] , [  2.04970988e-04   4.21100299e-01   7.96906448e-06   5.78686761e-01] , [  2.00266340e-07   5.64779693e-01   2.73157641e-09   4.35220104e-01] , [  2.44769199e-08   6.43621607e-01   1.22867918e-05   3.56366081e-01] , [ 0.92440756  0.02239421  0.01008484  0.04311339] , [  2.22375932e-05   2.59211913e-03   8.77902719e-01   1.19482925e-01] , [ 0.08151253  0.02675239  0.8523641   0.03937098] , [  4.61048229e-04   3.66353485e-03   9.18209475e-01   7.76659418e-02] , [  2.23273752e-06   1.00040857e-01   6.24404808e-06   8.99950666e-01] , [  5.51853735e-05   6.89746678e-03   9.25141253e-01   6.79060949e-02] , [  2.87904158e-13   4.93922247e-01   1.02228593e-02   4.95854894e-01] , [  1.82321633e-11   6.82676606e-01   8.31515975e-05   3.17240242e-01] , [  1.02441200e-16   9.01253455e-03   8.73190583e-01   1.17796882e-01] , [  1.65745738e-05   8.29045326e-01   1.32804653e-07   1.70937966e-01] , [  1.29493537e-09   8.47198840e-02   1.62868681e-01   7.52411434e-01] , [  4.66344409e-10   1.46645805e-01   1.18475045e-04   8.53235720e-01] , [  1.05155668e-07   2.93660006e-01   2.44322405e-02   6.81907648e-01] , [  8.32752763e-01   9.42038854e-03   2.19044189e-04   1.57607804e-01] , [  1.24421516e-06   3.46848768e-03   9.86883412e-01   9.64685634e-03] , [  1.25994355e-06   7.66515461e-01   1.44924477e-05   2.33468787e-01] , [  1.69421270e-01   6.05803067e-01   1.96173981e-11   2.24775664e-01] , [  3.73872645e-08   4.55010913e-01   1.56060647e-06   5.44987489e-01] , [  3.11466914e-13   1.20422318e-02   7.83721303e-01   2.04236465e-01] , [  2.23593946e-01   1.10481146e-01   1.54457399e-04   6.65770451e-01] , [  5.10498296e-13   6.52101577e-04   9.15386266e-01   8.39616321e-02] , [  1.02623344e-10   3.57428920e-01   1.06257119e-01   5.36313961e-01] , [  9.17919773e-05   4.30040610e-01   4.92585591e-04   5.69375012e-01] , [  7.23274200e-05   5.72396385e-01   5.61125242e-03   4.21920035e-01] , [  1.01574158e-13   4.07299387e-03   9.38673791e-01   5.72532149e-02] , [  1.07594282e-16   2.90233077e-03   9.03880346e-01   9.32173235e-02] , [  1.32708523e-09   2.80251817e-01   5.10910909e-03   7.14639073e-01] , [  1.81986882e-05   9.35644548e-01   2.50150667e-11   6.43372530e-02] , [  9.98926869e-01   8.13473202e-10   9.68833850e-04   1.04296476e-04] , [  4.50628449e-07   2.23478712e-03   7.11221102e-01   2.86543660e-01] , [ 0.81077683  0.13318716  0.00254003  0.05349597] , [  6.24532619e-07   1.14906564e-01   7.16861732e-04   8.84375949e-01] , [  9.00685504e-01   5.99222255e-02   2.00563656e-05   3.93722139e-02] , [ 0.00197848  0.00954384  0.98464982  0.00382786] , [  3.53355727e-01   6.27642654e-13   6.46643405e-01   8.68334552e-07] , [ 0.90895229  0.00476322  0.06213244  0.02415204] , [  7.68491489e-10   2.73472742e-01   8.73935286e-02   6.39133728e-01] , [  6.41274128e-09   9.66027840e-02   4.66712603e-03   8.98730084e-01] , [  1.36679773e-11   1.12278585e-03   9.33336431e-01   6.55407827e-02] , [  8.69682692e-01   7.86235817e-02   2.31085657e-05   5.16706179e-02] , [  7.03914331e-20   1.45987934e-03   8.16027133e-01   1.82512987e-01] , [  6.67649226e-04   4.87882646e-03   7.23034093e-01   2.71419431e-01] , [ 0.07152542  0.00651842  0.80310083  0.11885533] , [  9.86406916e-06   9.78458405e-03   9.87226088e-01   2.97946369e-03] , [ 0.57500111  0.00974717  0.32710718  0.08814454] , [  2.99177739e-08   2.32293762e-01   4.67097193e-05   7.67659498e-01] , [  1.29969562e-07   5.53074713e-01   5.85009708e-04   4.46340147e-01] , [  9.86226649e-07   1.50297753e-01   1.96783188e-04   8.49504478e-01] , [  8.05122700e-20   2.62183173e-02   5.59350981e-01   4.14430701e-01] , [ 0.00375754  0.03272496  0.94906824  0.01444926] , [  1.46043206e-03   1.26051733e-01   1.46572851e-05   8.72473178e-01] , [  3.48135940e-06   3.14605296e-01   5.42686737e-05   6.85336954e-01] , [ 0.94317474  0.01943157  0.00794286  0.02945082] , [  2.03192259e-08   6.50262789e-01   6.49488319e-04   3.49087702e-01] , [  2.35317014e-04   3.86069682e-01   5.47559223e-05   6.13640245e-01] , [  3.73675922e-07   1.50105312e-02   4.22339513e-02   9.42755144e-01] , [ 0.00076882  0.60775265  0.00826682  0.38321171] , [  3.71568418e-07   3.99048392e-03   9.45886738e-01   5.01224064e-02] , [  3.45430383e-08   1.61222385e-01   4.17484170e-07   8.38777163e-01] , [ 0.84995188  0.02831554  0.12035584  0.00137673] , [  2.90071029e-07   4.94524506e-02   1.83738644e-05   9.50528885e-01] , [  6.41207311e-03   3.43112981e-01   2.75583374e-08   6.50474919e-01] , [  1.09621367e-09   6.21592610e-02   7.38684547e-04   9.37102053e-01] , [  8.68588345e-12   6.25103088e-01   5.92812888e-08   3.74896852e-01] , [  2.63610182e-04   8.02144400e-01   1.05902098e-03   1.96532969e-01] , [  4.78246321e-05   1.32676274e-03   8.67220218e-01   1.31405194e-01] , [ 0.00070367  0.40655939  0.0093344   0.58340253] , [  8.58144515e-01   9.07593311e-02   4.75952857e-06   5.10913947e-02] , [  9.99645384e-01   7.32346017e-11   2.66027364e-04   8.85890039e-05] , [  9.51350210e-05   6.46524990e-03   7.26413640e-01   2.67025975e-01] , [  1.57722958e-09   6.77222300e-01   8.95336481e-10   3.22777698e-01] , [  1.75589445e-09   5.18448972e-01   3.10310747e-06   4.81547923e-01] , [  8.39869690e-01   1.51555166e-01   1.72892803e-04   8.40225074e-03] , [  2.68634434e-09   9.17755421e-01   2.69057458e-06   8.22418855e-02] , [ 0.71585477  0.01218135  0.25013701  0.02182686] , [  3.38466615e-09   2.96078241e-01   3.14771934e-07   7.03921441e-01] , [  3.09035269e-05   2.39121360e-02   1.89329604e-04   9.75867631e-01] , [  1.81320556e-26   8.39633158e-02   7.55636099e-01   1.60400585e-01] , [  3.42723748e-09   2.45772692e-01   3.86862173e-04   7.53840442e-01] , [  1.91853054e-06   2.65082230e-01   5.62319216e-01   1.72596635e-01] , [  3.70637863e-04   8.00495963e-01   2.58884819e-07   1.99133140e-01] , [  5.07790860e-18   2.08651280e-03   8.29493864e-01   1.68419623e-01] , [  8.35975583e-07   3.29066014e-05   9.73156616e-01   2.68096411e-02] , [  1.98076437e-01   3.65838985e-01   3.11779470e-08   4.36084547e-01] , [  5.17710450e-01   2.21947468e-17   4.82289550e-01   2.13637739e-10] , [  7.91483050e-01   4.45325911e-02   1.40280522e-04   1.63844078e-01] , [  8.21225736e-01   5.88141124e-02   4.60485821e-07   1.19959691e-01] , [  2.16800355e-06   6.01956862e-01   3.66155118e-10   3.98040970e-01] , [  1.93202157e-05   5.65298258e-01   5.62588606e-02   3.78423561e-01] , [  2.96366136e-11   3.09150536e-01   8.94456102e-05   6.90760018e-01] , [  7.14599563e-11   3.33837269e-03   9.42037557e-01   5.46240698e-02] , [  2.00153977e-03   3.90821043e-01   5.61976797e-07   6.07176855e-01] , [  1.63733768e-04   8.76865223e-02   5.51147557e-04   9.11598596e-01] , [  9.87796852e-02   4.36616905e-13   8.97282969e-01   3.93734582e-03] , [  8.58158814e-08   1.20077551e-01   7.02912828e-04   8.79219450e-01] , [  6.07464469e-05   6.13390775e-03   9.83474354e-01   1.03309922e-02] , [  9.60772670e-01   1.83831624e-02   1.93024644e-04   2.06511425e-02] , [  1.29911133e-07   1.29224035e-01   5.95765149e-03   8.64818183e-01] , [ 0.00961974  0.00432619  0.96829606  0.01775801] , [  2.05086300e-18   1.03653500e-02   9.18526551e-01   7.11080989e-02] , [  4.90834884e-06   6.82855428e-03   9.62854511e-01   3.03120264e-02] , [  3.62599888e-05   2.16295475e-03   9.04476481e-01   9.33243038e-02] , [  1.63034187e-04   5.94776319e-01   1.05184594e-02   3.94542188e-01] , [  2.86117442e-01   2.90090727e-01   6.68845717e-07   4.23791162e-01] , [  1.10693925e-07   8.72070809e-01   3.06516328e-13   1.27929081e-01] , [  6.24815759e-09   9.36336890e-01   1.67018004e-08   6.36630866e-02] , [  2.10164686e-08   5.58568870e-01   1.03038242e-04   4.41328071e-01] , [  3.66855380e-03   8.41435541e-01   4.56816820e-04   1.54439088e-01] , [  1.68142291e-15   2.16540515e-01   7.64174262e-03   7.75817742e-01] , [ 0.85439643  0.090336    0.0370122   0.01825537] , [  8.84962855e-05   1.23042135e-02   9.02396453e-01   8.52108370e-02] , [ 0.07462164  0.04056165  0.5587843   0.32603242] , [  4.25013067e-13   5.49002415e-01   1.43880605e-04   4.50853705e-01] , [  9.36939067e-01   2.72649984e-02   7.53116839e-07   3.57951815e-02] , [  3.12246061e-09   1.96353668e-02   9.68830524e-01   1.15341056e-02] , [  9.52452348e-01   3.48439638e-02   1.86450098e-05   1.26850433e-02] , [  3.79630776e-01   5.45053387e-01   4.25478327e-08   7.53157949e-02] , [ 0.10080058  0.00236785  0.83037836  0.06645321] , [  4.43558582e-08   4.90866987e-01   4.30025660e-05   5.09089966e-01] , [  2.06361981e-14   1.98965475e-03   9.43644918e-01   5.43654277e-02] , [  8.26566617e-01   1.59233322e-01   8.94660342e-08   1.41999708e-02] , [  1.00357627e-07   5.23381688e-01   3.28846665e-02   4.43733545e-01] , [  5.35458279e-10   7.74222330e-01   6.47803290e-06   2.25771192e-01] , [ 0.81602122  0.00672554  0.12559643  0.05165681] , [  1.63366828e-01   3.20710677e-01   2.27439286e-05   5.15899751e-01] , [  2.05769901e-07   1.53484174e-02   3.50497105e-01   6.34154272e-01] , [  5.95719486e-07   6.76358695e-01   2.35632542e-04   3.23405076e-01] , [  9.30119477e-01   1.46142913e-03   2.34222530e-04   6.81848716e-02] , [ 0.87212067  0.00240472  0.0226133   0.10286131] , [  3.01317018e-26   1.87719009e-01   9.62900494e-02   7.15990942e-01] , [  2.49156259e-05   2.40149946e-02   8.00307106e-01   1.75652984e-01] , [  8.08597497e-04   5.15503568e-01   6.29595777e-06   4.83681538e-01] , [  1.64808495e-11   2.88114907e-01   1.73203112e-06   7.11883361e-01] , [  6.41678334e-09   5.95623158e-01   7.94031058e-03   3.96436525e-01] , [  9.08839698e-01   5.54427790e-02   3.53006409e-07   3.57171703e-02] , [  7.32656011e-10   3.05776466e-01   4.22046085e-03   6.90003072e-01] , [  1.64126069e-06   4.50730920e-01   1.62970730e-07   5.49267275e-01] , [  7.42391898e-09   6.39372452e-01   1.25305272e-07   3.60627415e-01] ]
log_loss: 0.46869830246 

------------ 		SVC         ------------
Predict Proba:
