------------ LogisticRegression ------------
Predict Proba:
 [ 0.13692236  0.45691817  0.29960854  0.10655093] , [ 0.44844879  0.41945736  0.12618097  0.00591289] , [ 0.23458083  0.10889894  0.62906774  0.02745249] , [ 0.56385179  0.04846469  0.25010239  0.13758113] , [ 0.66359175  0.08130062  0.20687362  0.048234  ] , [ 0.28427263  0.26414805  0.14278869  0.30879063] , [ 0.47609132  0.36005813  0.15290778  0.01094278] , [ 0.10820611  0.24546239  0.56096677  0.08536473] , [ 0.0107757   0.49470714  0.45485774  0.03965942] , [ 0.21231419  0.24903229  0.42821293  0.11044059] , [ 0.73132911  0.09248235  0.10894306  0.06724549] , [ 0.04336096  0.52708883  0.13777655  0.29177366] , [ 0.09627208  0.29038082  0.34683358  0.26651352] , [ 0.11295206  0.52410674  0.35198089  0.01096031] , [ 0.03978233  0.08008351  0.70730054  0.17283362] , [ 0.71151293  0.12695758  0.07020036  0.09132914] , [ 0.2758907   0.13224358  0.57281952  0.0190462 ] , [ 0.5404481   0.33653385  0.12049614  0.0025219 ] , [ 0.541007    0.32264066  0.10170223  0.03465011] , [ 0.02819004  0.54371618  0.15384228  0.27425149] , [ 0.484226    0.16038727  0.12194128  0.23344545] , [ 0.05152578  0.21565806  0.66927967  0.06353649] , [ 0.22522178  0.22511936  0.46525038  0.08440848] , [ 0.30088345  0.52111035  0.15819784  0.01980836] , [ 0.17739698  0.16670256  0.36925558  0.28664488] , [ 0.01851109  0.18029068  0.22114223  0.58005599] , [ 0.11674298  0.246032    0.59849585  0.03872917] , [ 0.79217477  0.12611866  0.07767996  0.0040266 ] , [ 0.04556407  0.42425534  0.4091783   0.12100229] , [ 0.19536144  0.64095132  0.13520197  0.02848527] , [ 0.09151078  0.69085572  0.19411987  0.02351363] , [ 0.53556153  0.34609539  0.11750458  0.00083849] , [ 0.81869987  0.05506313  0.11672936  0.00950764] , [ 0.08828483  0.61906144  0.19939729  0.09325645] , [ 0.14796152  0.41705213  0.2044773   0.23050904] , [ 0.65130722  0.27639887  0.06296891  0.00932499] , [ 0.08075094  0.24664199  0.61007476  0.0625323 ] , [ 0.72538296  0.15303048  0.10272324  0.01886332] , [ 0.11507034  0.48376867  0.07794697  0.32321402] , [ 0.38391623  0.29502976  0.29038737  0.03066664] , [ 0.01718306  0.12832326  0.24995499  0.60453869] , [ 0.58545808  0.10123872  0.12704871  0.18625449] , [ 0.12478505  0.61000247  0.23771605  0.02749643] , [ 0.35035831  0.09409433  0.18357724  0.37197012] , [ 0.30648436  0.12140972  0.17666113  0.39544479] , [ 0.05897539  0.65422547  0.2391281   0.04767104] , [ 0.30469313  0.36495809  0.29195512  0.03839366] , [ 0.09447597  0.48446477  0.11795244  0.30310682] , [ 0.33521773  0.1435409   0.31598073  0.20526063] , [ 0.67284555  0.2397575   0.07106162  0.01633533] , [ 0.58543158  0.17596451  0.12606734  0.11253656] , [ 0.23720024  0.50197603  0.1118538   0.14896993] , [ 0.04726264  0.26426102  0.56435676  0.12411957] , [ 0.46937513  0.11675148  0.1974429   0.21643048] , [ 0.33845617  0.03989608  0.51893485  0.1027129 ] , [ 0.11271619  0.27723293  0.58812653  0.02192436] , [ 0.0243238   0.48436423  0.13968861  0.35162336] , [ 0.10094515  0.52670436  0.31146083  0.06088966] , [ 0.32823205  0.45924454  0.16827339  0.04425001] , [ 0.37779294  0.11206961  0.12356203  0.38657542] , [ 0.22213609  0.58878018  0.16677123  0.0223125 ] , [ 0.41272003  0.30946083  0.19870581  0.07911333] ]
log_loss: 1.22434255918 

------------ 		SVC         ------------
Predict Proba:
 [ 0.12216505  0.26880283  0.30876083  0.30027129] , [ 0.42521627  0.25530832  0.27308402  0.04639139] , [ 0.14343447  0.39273914  0.3845916   0.07923479] , [ 0.42048083  0.26900073  0.24838344  0.062135  ] , [ 0.38453726  0.26360463  0.30370038  0.04815774] , [ 0.20662361  0.25236692  0.30842515  0.23258431] , [ 0.38201554  0.2645365   0.31030583  0.04314213] , [ 0.3034773   0.32223532  0.32321524  0.05107214] , [ 0.12259797  0.40543208  0.38417087  0.08779908] , [ 0.33218742  0.28612828  0.31585316  0.06583114] , [ 0.45971264  0.2548626   0.23649795  0.04892682] , [ 0.23761424  0.25520718  0.27645833  0.23072025] , [ 0.07944038  0.25406666  0.20321502  0.46327793] , [ 0.13869441  0.35702744  0.42767299  0.07660515] , [ 0.1418576   0.44797537  0.29064781  0.11951923] , [ 0.30189197  0.2438266   0.2804685   0.17381293] , [ 0.14479398  0.36660919  0.41027005  0.07832679] , [ 0.43674906  0.24684663  0.2667134   0.04969091] , [ 0.4519209   0.24101902  0.24386509  0.06319499] , [ 0.18616066  0.26613487  0.33627602  0.21142845] , [ 0.16611346  0.24071209  0.24686522  0.34630923] , [ 0.13127271  0.39977058  0.3829642   0.0859925 ] , [ 0.35388522  0.28756389  0.31198115  0.04656973] , [ 0.38655958  0.25423941  0.29180122  0.06739979] , [ 0.34812545  0.28874685  0.29383885  0.06928885] , [ 0.0631454   0.21147105  0.14516452  0.58021902] , [ 0.31950707  0.30292004  0.31705319  0.06051971] , [ 0.47487776  0.25389148  0.23225612  0.03897464] , [ 0.18924458  0.27423128  0.30426661  0.23225753] , [ 0.24154592  0.26109625  0.34261377  0.15474405] , [ 0.13637252  0.35682489  0.42879539  0.0780072 ] , [ 0.40688181  0.26550827  0.28971727  0.03789265] , [ 0.41779888  0.26996775  0.2754795   0.03675388] , [ 0.14314522  0.26786139  0.30547874  0.28351466] , [ 0.16473295  0.25033733  0.23817933  0.34675038] , [ 0.45436641  0.23955688  0.24681998  0.05925673] , [ 0.13241106  0.3991859   0.3852805   0.08312254] , [ 0.4931487   0.23932287  0.21454492  0.05298351] , [ 0.13579716  0.25479087  0.26173392  0.34767804] , [ 0.1498835   0.37705017  0.39970565  0.07336068] , [ 0.0568123   0.18854695  0.11967697  0.63496379] , [ 0.11131638  0.23079418  0.19758919  0.46030025] , [ 0.185082    0.35301308  0.40913041  0.05277452] , [ 0.29576222  0.2327593   0.22811741  0.24336106] , [ 0.09464731  0.20608074  0.1505955   0.54867645] , [ 0.20223631  0.27227859  0.34555054  0.17993456] , [ 0.15287234  0.3524106   0.41688903  0.07782802] , [ 0.30912808  0.26411045  0.29831341  0.12844806] , [ 0.33688374  0.27059676  0.30697928  0.08554021] , [ 0.47124232  0.23769493  0.24439288  0.04666987] , [ 0.45095909  0.24780132  0.22961857  0.07162102] , [ 0.10257231  0.24693405  0.19927281  0.45122083] , [ 0.3067643   0.3030336   0.31901853  0.07118357] , [ 0.30572262  0.24685203  0.26411614  0.1833092 ] , [ 0.33482783  0.24266711  0.25152567  0.17097939] , [ 0.14012667  0.41118921  0.3660061   0.08267801] , [ 0.11849586  0.2599367   0.27053592  0.35103152] , [ 0.33812748  0.28201455  0.32784357  0.0520144 ] , [ 0.35568248  0.26930329  0.32246891  0.05254532] , [ 0.09739023  0.21263727  0.1573619   0.5326106 ] , [ 0.19260866  0.31612549  0.43495078  0.05631507] , [ 0.42235994  0.26761352  0.26497785  0.0450487 ] ]
log_loss: 1.24153747707 

------------ LogisticRegression ------------
Predict Proba:
 [ 0.3  0.5  0.2  0. ] , [ 0.6  0.4  0.   0. ] , [ 0.1  0.1  0.6  0.2] , [ 0.6  0.1  0.3  0. ] , [ 0.7  0.3  0.   0. ] , [ 0.3  0.3  0.1  0.3] , [ 0.4  0.1  0.5  0. ] , [ 0.2  0.2  0.5  0.1] , [ 0.   0.3  0.5  0.2] , [ 0.3  0.3  0.3  0.1] , [ 0.7  0.3  0.   0. ] , [ 0.2  0.5  0.   0.3] , [ 0.2  0.5  0.   0.3] , [ 0.1  0.3  0.6  0. ] , [ 0.  0.  1.  0.] , [ 0.6  0.2  0.2  0. ] , [ 0.1  0.2  0.4  0.3] , [ 0.4  0.2  0.4  0. ] , [ 0.8  0.2  0.   0. ] , [ 0.   0.3  0.3  0.4] , [ 0.5  0.2  0.   0.3] , [ 0.   0.4  0.4  0.2] , [ 0.4  0.1  0.5  0. ] , [ 0.2  0.5  0.3  0. ] , [ 0.3  0.3  0.3  0.1] , [ 0.   0.2  0.1  0.7] , [ 0.   0.4  0.6  0. ] , [ 0.9  0.1  0.   0. ] , [ 0.1  0.5  0.3  0.1] , [ 0.2  0.6  0.2  0. ] , [ 0.   0.5  0.3  0.2] , [ 0.3  0.4  0.3  0. ] , [ 0.9  0.1  0.   0. ] , [ 0.3  0.6  0.1  0. ] , [ 0.   0.9  0.1  0. ] , [ 0.4  0.6  0.   0. ] , [ 0.   0.5  0.4  0.1] , [ 0.8  0.1  0.1  0. ] , [ 0.3  0.3  0.   0.4] , [ 0.   0.4  0.5  0.1] , [ 0.   0.2  0.1  0.7] , [ 0.3  0.2  0.   0.5] , [ 0.1  0.7  0.2  0. ] , [ 0.5  0.1  0.3  0.1] , [ 0.1  0.3  0.1  0.5] , [ 0.2  0.7  0.1  0. ] , [ 0.   0.6  0.2  0.2] , [ 0.2  0.5  0.   0.3] , [ 0.4  0.2  0.3  0.1] , [ 0.8  0.2  0.   0. ] , [ 0.8  0.2  0.   0. ] , [ 0.2  0.5  0.   0.3] , [ 0.1  0.4  0.3  0.2] , [ 0.7  0.2  0.1  0. ] , [ 0.3  0.   0.7  0. ] , [ 0.   0.3  0.5  0.2] , [ 0.   0.5  0.1  0.4] , [ 0.1  0.5  0.2  0.2] , [ 0.3  0.5  0.2  0. ] , [ 0.1  0.3  0.   0.6] , [ 0.3  0.4  0.2  0.1] , [ 0.6  0.3  0.1  0. ] ]
log_loss: 5.39673540134 

