------------ LogisticRegression ------------
Predict Proba:
 [ 0.02782177  0.04405824  0.83454949  0.02193201  0.05149538  0.02014312] , [ 0.03239891  0.19602348  0.03204643  0.50356697  0.15434741  0.08161681] , [ 0.00989407  0.01535296  0.63792372  0.07200992  0.20955323  0.05526611] , [ 0.00553428  0.04973957  0.79040888  0.01838609  0.11780323  0.01812794] , [ 0.01015783  0.05084401  0.78705129  0.03423532  0.10315029  0.01456126] , [ 0.01032288  0.0257904   0.08931274  0.0880472   0.11440479  0.67212199] , [ 0.01072277  0.08301525  0.17182383  0.41817482  0.07075711  0.24550622] , [ 0.01713233  0.09104506  0.63265706  0.12990525  0.08824647  0.04101383] , [ 0.72968175  0.01497752  0.12047822  0.00766354  0.01735301  0.10984598] , [ 0.67253756  0.12869295  0.12347264  0.03032837  0.02128181  0.02368667] , [ 0.66660536  0.07788853  0.10318395  0.09630116  0.02182801  0.03419299] , [ 0.01563418  0.0248907   0.70309796  0.03682899  0.13151677  0.0880314 ] , [ 0.01328789  0.02333823  0.3980313   0.1387515   0.13327176  0.29331933] , [ 0.0470374   0.04352727  0.00619956  0.12935441  0.05638342  0.71749793] , [ 0.02072696  0.07272359  0.19942193  0.22932477  0.09172346  0.3860793 ] , [ 0.64899399  0.06370715  0.22912852  0.02447632  0.0169731   0.01672092] , [ 0.0173686   0.03390843  0.74974134  0.13043432  0.05080988  0.01773742] , [ 0.03248614  0.07787638  0.67296364  0.10617766  0.08679544  0.02370075] , [ 0.7766645   0.08296017  0.06258846  0.04261517  0.01116812  0.02400357] , [ 0.02355532  0.03489407  0.87047444  0.02087911  0.0236509   0.02654617] , [ 0.01419075  0.17241828  0.1696666   0.22848057  0.17241875  0.24282505] , [ 0.00671562  0.05283649  0.72115061  0.01281347  0.1859637   0.02052011] , [ 0.0536776   0.03708218  0.74724756  0.01868493  0.07135063  0.0719571 ] , [ 0.01217817  0.27545444  0.09857801  0.28411547  0.2424273   0.08724661] , [ 0.01580081  0.01276891  0.47136631  0.02626217  0.11270192  0.36109988] , [ 0.02262641  0.4016361   0.10412487  0.32115833  0.0785782   0.0718761 ] , [ 0.05795357  0.28556282  0.52580167  0.01117656  0.08241757  0.0370878 ] , [ 0.01656779  0.04130047  0.48890299  0.24780924  0.15074326  0.05467625] , [ 0.00943526  0.05440716  0.82328533  0.05344195  0.03948747  0.01994284] , [ 0.74411641  0.07930019  0.0409308   0.08587851  0.02231237  0.02746172] , [ 0.02359281  0.0790415   0.0721261   0.22767799  0.2484114   0.34915019] , [ 0.57553934  0.17066163  0.14198532  0.0400238   0.04046527  0.03132464] , [ 0.01492848  0.03634185  0.1671574   0.37605804  0.14338053  0.2621337 ] , [ 0.00719391  0.02849806  0.61013341  0.02216654  0.13266926  0.19933882] , [ 0.02811187  0.14536867  0.68619212  0.07044084  0.04319252  0.02669398] , [ 0.02645535  0.33503525  0.15982757  0.32471667  0.08031997  0.07364519] , [ 0.66525224  0.12509151  0.09012216  0.07138501  0.0106331   0.03751598] , [ 0.01468906  0.07089741  0.30968051  0.23673057  0.2931837   0.07481876] , [ 0.02374892  0.22961906  0.38242849  0.16265879  0.1264874   0.07505734] , [ 0.00740641  0.03538176  0.80349234  0.06696825  0.0548791   0.03187213] , [ 0.00955903  0.06194967  0.80856599  0.05685633  0.04834597  0.01472301] , [ 0.3841131   0.39134789  0.12670069  0.02257103  0.03934014  0.03592715] ]
log_loss: 0.865436066446 

------------ 		SVC         ------------
Predict Proba:
 [ 0.06950177  0.08896804  0.54224462  0.11952731  0.10232552  0.07743274] , [ 0.11868908  0.18091908  0.24576923  0.13638096  0.16043894  0.1578027 ] , [ 0.06819839  0.07984965  0.50722439  0.12419115  0.13522407  0.08531235] , [ 0.05725949  0.07031306  0.5801376   0.11852537  0.10481779  0.06894668] , [ 0.05944195  0.07692577  0.57873609  0.11760098  0.10109162  0.0662036 ] , [ 0.1317759   0.16660389  0.16647342  0.16125429  0.18508171  0.18881077] , [ 0.0840293   0.12286135  0.40311497  0.12828295  0.12201327  0.13969816] , [ 0.0714124   0.10019072  0.51125301  0.11891334  0.11092464  0.08730589] , [ 0.2032194   0.20705845  0.08426224  0.15488076  0.16781098  0.18276818] , [ 0.21929791  0.21113258  0.08033454  0.16123395  0.16909484  0.15890618] , [ 0.2108446   0.20245269  0.11164824  0.15321195  0.16462861  0.15721391] , [ 0.06568237  0.07730768  0.51711445  0.12310037  0.12955471  0.08724042] , [ 0.07672016  0.09266658  0.4498636   0.12518971  0.13292693  0.12263302] , [ 0.18471702  0.20684836  0.09465032  0.15092845  0.19160246  0.17125339] , [ 0.11987288  0.16398021  0.2079906   0.14789437  0.17311986  0.18714209] , [ 0.21749966  0.21118181  0.10353995  0.15991417  0.16154365  0.14632074] , [ 0.07399088  0.10259292  0.51390517  0.11943362  0.10608667  0.08399073] , [ 0.08772062  0.11066866  0.48248672  0.1203904   0.12152725  0.07720634] , [ 0.21462028  0.21236633  0.08363509  0.15984615  0.16934115  0.160191  ] , [ 0.05683334  0.06419963  0.6000657   0.11669072  0.09371628  0.06849432] , [ 0.09178235  0.14242937  0.36025721  0.13009796  0.13196617  0.14346694] , [ 0.06637487  0.08953965  0.51592103  0.12172766  0.1206044   0.0858324 ] , [ 0.06873227  0.07496819  0.53592459  0.12016245  0.11952368  0.08068881] , [ 0.10273006  0.17445576  0.27644654  0.13652145  0.15680044  0.15304575] , [ 0.09648961  0.10872667  0.34157852  0.13818586  0.14485395  0.17016539] , [ 0.11996226  0.18945606  0.21998021  0.14197391  0.16261347  0.16601409] , [ 0.17246373  0.18178905  0.22724314  0.14168445  0.14522273  0.1315969 ] , [ 0.07172531  0.09222552  0.49431732  0.12254673  0.13210698  0.08707813] , [ 0.06013206  0.07168485  0.58414932  0.11702126  0.09577286  0.07123965] , [ 0.21382887  0.21039271  0.08086265  0.15772173  0.17154358  0.16565047] , [ 0.12522534  0.17056307  0.19272684  0.14561424  0.1792758   0.1865947 ] , [ 0.21758083  0.20682392  0.09241169  0.15715738  0.16621212  0.15981406] , [ 0.08895241  0.11870633  0.3761702   0.12887668  0.14437504  0.14291934] , [ 0.10005927  0.1211107   0.31180766  0.14090865  0.15089636  0.17521735] , [ 0.08677037  0.13226683  0.45146873  0.124331    0.11139833  0.09376473] , [ 0.12106642  0.18786998  0.22412376  0.14067341  0.16143698  0.16482945] , [ 0.21652201  0.21076476  0.08702363  0.15825997  0.16551005  0.16191958] , [ 0.07891009  0.11092455  0.44620219  0.12521862  0.14255862  0.09618593] , [ 0.10305957  0.17062921  0.29351621  0.13430723  0.15103776  0.14745002] , [ 0.05758123  0.06871195  0.5835715   0.11743469  0.0985568   0.07414383] , [ 0.05986193  0.07148371  0.58831922  0.1169778   0.09553035  0.06782698] , [ 0.22004443  0.20725816  0.08128684  0.16148293  0.17153244  0.1583952 ] ]
log_loss: 1.36314472614 

------------ LogisticRegression ------------
Predict Proba:
 [ 0.  0.  1.  0.  0.  0.] , [ 0.1  0.2  0.1  0.5  0.   0.1] , [ 0.   0.   0.4  0.1  0.5  0. ] , [ 0.   0.1  0.8  0.   0.1  0. ] , [ 0.   0.1  0.8  0.   0.1  0. ] , [ 0.   0.1  0.   0.   0.   0.9] , [ 0.   0.1  0.2  0.4  0.1  0.2] , [ 0.   0.1  0.7  0.1  0.1  0. ] , [ 0.8  0.   0.1  0.   0.   0.1] , [ 0.5  0.1  0.3  0.1  0.   0. ] , [ 0.7  0.1  0.   0.1  0.   0.1] , [ 0.   0.   0.5  0.1  0.4  0. ] , [ 0.   0.   0.7  0.2  0.   0.1] , [ 0.   0.   0.1  0.1  0.   0.8] , [ 0.   0.3  0.1  0.2  0.   0.4] , [ 0.5  0.1  0.3  0.1  0.   0. ] , [ 0.   0.   0.7  0.2  0.1  0. ] , [ 0.2  0.1  0.6  0.1  0.   0. ] , [ 0.8  0.   0.2  0.   0.   0. ] , [ 0.   0.   0.8  0.1  0.1  0. ] , [ 0.   0.3  0.1  0.2  0.3  0.1] , [ 0.   0.1  0.9  0.   0.   0. ] , [ 0.   0.   0.7  0.   0.3  0. ] , [ 0.   0.6  0.   0.2  0.   0.2] , [ 0.   0.   0.5  0.   0.1  0.4] , [ 0.   0.4  0.2  0.1  0.1  0.2] , [ 0.4  0.2  0.4  0.   0.   0. ] , [ 0.   0.1  0.6  0.2  0.1  0. ] , [ 0.1  0.1  0.8  0.   0.   0. ] , [ 0.8  0.1  0.   0.   0.   0.1] , [ 0.   0.2  0.2  0.2  0.   0.4] , [ 0.4  0.2  0.4  0.   0.   0. ] , [ 0.   0.   0.4  0.3  0.1  0.2] , [ 0.   0.1  0.3  0.   0.1  0.5] , [ 0.   0.1  0.6  0.2  0.1  0. ] , [ 0.   0.4  0.2  0.1  0.1  0.2] , [ 0.8  0.1  0.   0.   0.   0.1] , [ 0.   0.1  0.5  0.2  0.2  0. ] , [ 0.1  0.2  0.4  0.1  0.1  0.1] , [ 0.   0.1  0.8  0.1  0.   0. ] , [ 0.1  0.1  0.8  0.   0.   0. ] , [ 0.8  0.2  0.   0.   0.   0. ] ]
log_loss: 3.96414368222 

