------------ LogisticRegression ------------
Predict Proba:
 [  9.94542697e-01   2.15802448e-09   4.44892890e-06   2.54345355e-06
   5.45030820e-03   5.71648389e-17] , [  3.23444577e-06   1.33515329e-12   5.05982831e-18   5.65036619e-01
   2.06812792e-01   2.28147354e-01] , [  4.63618185e-07   1.78758932e-03   8.12533437e-01   3.35417789e-07
   1.85678174e-01   1.21061186e-11] , [  2.80695139e-02   7.05995487e-06   1.09175426e-08   3.00797641e-06
   9.28549768e-01   4.33706393e-02] , [  9.49699748e-01   1.01096487e-04   2.17357010e-15   2.23127006e-11
   5.01991553e-02   5.08592502e-13] , [  1.33742615e-06   3.81390610e-23   6.39989409e-07   9.20853037e-01
   7.82017581e-02   9.43227173e-04] , [  1.18046456e-05   7.74638594e-08   2.49258479e-04   1.09773646e-04
   9.99629056e-01   2.98172073e-08] , [  1.01371986e-03   4.90454920e-14   4.43959879e-25   5.19674681e-02
   2.91728701e-02   9.17845942e-01] , [  1.02002740e-05   5.76913429e-06   5.42616865e-06   8.24163174e-03
   9.91723681e-01   1.32919640e-05] , [  1.91804658e-04   8.04264301e-01   8.87088739e-02   3.75972741e-11
   1.06835021e-01   1.01572858e-10] , [  2.12170533e-04   4.77792082e-10   9.38241905e-01   3.09416221e-04
   6.12364807e-02   2.67623966e-08] , [  9.99905133e-01   1.25993805e-09   6.94300096e-07   2.86892842e-05
   6.54822700e-05   6.29737496e-13] , [  9.44634626e-01   7.41357242e-09   4.37399527e-06   1.94705315e-07
   5.53607979e-02   4.96596018e-15] , [  1.54757060e-06   2.43927479e-04   8.90387620e-01   3.53386908e-07
   1.09366552e-01   2.94207161e-12] , [  1.13067693e-05   8.51475020e-01   1.16691772e-07   4.87759870e-18
   1.48513528e-01   2.83528256e-08] , [  4.39673993e-07   3.00910266e-17   5.21317055e-08   9.41836525e-01
   5.81424254e-02   2.05582037e-05] , [  1.02537948e-04   7.03031897e-09   3.05071591e-09   2.26402125e-01
   7.73494622e-01   7.05555054e-07] , [  2.75849941e-08   9.91974714e-21   7.70107785e-10   6.30850694e-01
   3.44374489e-01   2.47747888e-02] , [  9.99902884e-01   3.45391255e-08   4.43350365e-12   1.69513380e-08
   9.70622442e-05   2.71546304e-09] , [  6.33099294e-07   2.81919264e-08   8.73450001e-03   2.69168240e-05
   9.73954534e-01   1.72833876e-02] , [  2.09744653e-05   3.72852916e-07   1.98593972e-04   1.88214941e-04
   9.99590559e-01   1.28511758e-06] , [  3.30347109e-05   1.44217754e-02   1.15135329e-05   6.31313183e-12
   9.85533666e-01   1.05380686e-08] , [  1.83836252e-06   2.05493579e-07   7.01774675e-01   2.83732004e-07
   2.98222998e-01   5.00956824e-17] , [  3.56435516e-06   6.20155624e-04   9.65578724e-01   3.67631244e-04
   3.34299244e-02   1.86722053e-15] , [  3.00031802e-06   8.95681109e-01   1.81818795e-03   6.93653115e-13
   1.01422408e-01   1.07529477e-03] , [  5.09375453e-08   6.62604827e-01   4.74024609e-04   8.49115794e-10
   3.36921096e-01   6.15180252e-14] , [  3.97277666e-02   3.37362057e-05   6.23559835e-12   4.11344856e-03
   9.56109435e-01   1.56136439e-05] , [  9.73656564e-01   5.66222371e-08   1.69821611e-13   2.33556422e-10
   2.63385134e-02   4.86548747e-06] , [  9.57099626e-07   1.41016880e-04   9.53268624e-01   8.28882679e-07
   4.65885731e-02   5.11097517e-12] , [  9.29236108e-05   7.50352963e-06   2.77954888e-15   1.30740156e-06
   9.87520572e-01   1.23776934e-02] , [  5.84072347e-04   3.58105797e-05   8.78486760e-01   4.93626214e-04
   1.20399730e-01   4.91771194e-12] , [  9.73025917e-01   4.06056448e-08   1.75297800e-24   5.39244603e-03
   2.15815378e-02   5.84598979e-08] , [  2.97381790e-05   3.72690478e-08   9.50951679e-04   9.63770932e-01
   3.52482744e-02   6.63257907e-08] , [  8.36097091e-06   5.39732008e-23   3.65348779e-03   9.03120414e-01
   9.32172565e-02   4.80414765e-07] , [  8.07547765e-01   4.89252228e-08   4.14553501e-07   1.53508586e-13
   1.92450098e-01   1.67357917e-06] , [  9.33963445e-06   1.19060912e-10   2.10246862e-07   1.83797056e-05
   1.77195818e-01   8.22776253e-01] , [  9.99873680e-01   1.03851646e-05   2.60544149e-15   9.07235192e-10
   1.15933339e-04   3.26599668e-10] , [  3.35523725e-06   3.73444422e-05   9.56491819e-01   1.26843185e-07
   4.34673546e-02   9.88205385e-20] , [  3.53104161e-06   6.10611835e-14   1.00792706e-06   3.15912840e-04
   9.72709510e-01   2.69700383e-02] , [  3.13022735e-07   9.36984463e-15   7.68703659e-05   9.03765659e-01
   9.61569026e-02   2.55111595e-07] , [  5.38691927e-06   7.29696905e-01   2.04426104e-05   4.97535737e-15
   2.70277265e-01   6.78689608e-10] , [  5.47364236e-05   2.35403432e-07   5.10178142e-05   3.91453386e-04
   9.99491689e-01   1.08679324e-05] , [  4.71918460e-06   2.35807889e-03   8.36899645e-01   1.98466568e-10
   1.60737556e-01   1.00650059e-14] , [  8.17184325e-05   3.53657762e-06   9.94914300e-01   1.88453258e-08
   5.00042632e-03   1.02098282e-16] , [  1.89774920e-03   3.02185312e-06   1.32698478e-08   8.57666630e-07
   9.66335294e-01   3.17630640e-02] , [  9.31229097e-01   3.75337609e-09   2.54505531e-15   2.31228985e-03
   6.64586089e-02   4.76034406e-10] , [  1.23154002e-04   2.83792906e-13   9.64409685e-19   2.11950947e-01
   1.71674578e-02   7.70758441e-01] , [  7.78449762e-01   8.43050217e-06   5.52935338e-36   1.80661126e-10
   1.96557282e-01   2.49845253e-02] , [  2.31826797e-07   2.01524488e-04   5.58254488e-07   4.43921352e-05
   9.99473649e-01   2.79644453e-04] , [  9.03696983e-06   7.07636347e-11   8.91323746e-12   9.05231161e-01
   9.47568879e-02   2.91425828e-06] , [  1.07183495e-05   1.87038784e-28   3.94682435e-04   7.72472885e-01
   2.27120575e-01   1.13883196e-06] , [  8.31382956e-07   1.71497286e-22   2.87076058e-06   9.41333350e-01
   4.39937303e-02   1.46692175e-02] , [  9.99758253e-01   4.12877128e-07   1.24292067e-16   5.61957936e-09
   2.41299024e-04   2.92466975e-08] , [  9.58387996e-05   6.26620296e-08   6.55961413e-01   3.19491521e-02
   3.11993533e-01   3.17422655e-17] , [  6.07001372e-05   6.92289824e-04   3.91825677e-02   9.91267169e-06
   9.60054530e-01   1.16849196e-12] , [  2.36138278e-04   2.43828103e-01   1.87366480e-06   1.93364413e-06
   7.55931800e-01   1.51573476e-07] , [  4.56510490e-06   2.18305838e-25   3.80812571e-06   8.51659282e-01
   1.48287103e-01   4.52411810e-05] , [  9.47513644e-01   9.73535304e-11   9.13711546e-12   2.01528753e-07
   5.24861540e-02   8.08794896e-10] , [  9.23475100e-01   1.20974256e-06   2.64320043e-38   2.08389937e-09
   7.65057140e-02   1.79744525e-05] , [  9.53515580e-01   1.94294737e-06   9.39121395e-18   1.44047679e-07
   4.64823328e-02   1.14869872e-14] , [  6.66604197e-04   1.18652617e-08   2.66505684e-05   2.00810798e-02
   9.79065901e-01   1.59752143e-04] , [  9.99937410e-01   1.81300614e-07   7.34771876e-13   6.72929563e-11
   5.71553029e-05   5.25377886e-06] , [  6.07989200e-02   8.30042329e-01   2.62835097e-09   1.27107731e-14
   1.09158614e-01   1.34665770e-07] , [  3.02493974e-06   2.09179592e-05   8.31352658e-01   2.83318757e-08
   1.68623371e-01   2.49831510e-14] , [  2.32115178e-08   5.74309694e-02   8.88293611e-01   1.78731556e-04
   5.40966652e-02   2.65612826e-19] , [  1.36141561e-06   1.61552935e-06   2.85201459e-08   4.34807014e-07
   9.99906139e-01   9.04207097e-05] , [  1.31836012e-05   4.97784720e-07   6.10053531e-01   5.81255915e-09
   3.89932781e-01   1.00126758e-19] , [  4.09115106e-04   1.08554769e-04   8.43018963e-01   6.67080397e-11
   1.56463367e-01   1.66076964e-13] , [  2.35214168e-04   3.57642436e-07   7.82395660e-09   7.50231055e-06
   9.99587764e-01   1.69153930e-04] , [  4.28616203e-05   8.61094636e-01   4.01940590e-07   9.60317869e-12
   1.38862092e-01   8.33934195e-09] , [  1.36802456e-02   7.10114076e-01   3.36139865e-13   6.15829518e-16
   2.76205675e-01   3.69863507e-09] , [  1.75234917e-03   2.94943737e-02   9.61370595e-09   2.08629694e-06
   6.34495138e-01   3.34256043e-01] , [  2.14236986e-07   7.93178898e-15   6.64205816e-23   4.09541386e-01
   1.09629467e-01   4.80828932e-01] , [  1.04201956e-05   6.10871994e-01   9.09510596e-07   2.28544210e-13
   3.89116633e-01   4.33538878e-08] , [  5.99602596e-06   8.46454929e-12   1.01710282e-15   1.77874348e-08
   4.46330772e-02   9.55360909e-01] , [  4.43110942e-05   7.68075302e-02   8.61646723e-01   3.06271023e-09
   6.15014323e-02   2.17408756e-16] , [  5.78873247e-04   8.80888917e-01   1.41170614e-05   2.41646120e-23
   1.18516899e-01   1.19418809e-06] , [  3.20522252e-08   4.31817249e-18   1.70303193e-06   8.63252021e-01
   1.36396879e-01   3.49365572e-04] , [  4.89547274e-06   4.84333056e-01   4.99346056e-01   4.54100048e-15
   1.63159928e-02   9.26872978e-15] , [  9.53495417e-06   1.76265790e-16   4.44126382e-18   1.63139265e-04
   5.58947376e-02   9.43932588e-01] , [  2.85271402e-07   4.51211821e-20   2.46852920e-07   9.16859543e-01
   7.73305843e-02   5.80934096e-03] , [  5.17249559e-05   1.84730478e-11   1.46960597e-17   5.93982180e-03
   3.25039680e-02   9.61504485e-01] , [  1.05979776e-06   8.18031657e-05   7.57689631e-01   6.15235670e-07
   2.42226891e-01   1.65257881e-17] , [  2.02036379e-04   2.24206421e-03   4.85523098e-03   3.53492264e-12
   9.92697305e-01   3.36327135e-06] , [  3.33091022e-03   8.61776513e-06   5.68542472e-14   1.69970101e-05
   9.96581489e-01   6.19855066e-05] , [  1.33908702e-06   9.91571442e-07   4.32068434e-05   5.96778131e-06
   9.99913914e-01   3.45803446e-05] , [  9.98737422e-01   3.51003516e-06   1.60654629e-13   1.20872344e-08
   1.25898688e-03   6.91190280e-08] , [  1.60887253e-05   4.78754298e-16   2.10991827e-08   7.96057809e-01
   2.03924292e-01   1.78990136e-06] , [  1.13689478e-04   8.62742208e-01   3.54946854e-02   9.27063387e-12
   1.01649374e-01   4.35309343e-08] , [  1.26079189e-04   3.44820862e-18   1.62738687e-09   6.96169599e-01
   3.03256386e-01   4.47933494e-04] , [  6.73547116e-05   1.51799020e-15   4.72344744e-05   2.08771615e-01
   7.82735232e-01   8.37856414e-03] , [  1.96450852e-05   3.07561903e-01   6.45094864e-01   2.16387308e-11
   4.73235879e-02   1.02142682e-23] , [  2.01937760e-04   1.66078483e-08   2.27641770e-05   1.81327210e-05
   9.99733973e-01   2.31757251e-05] , [  2.29442777e-04   8.58682205e-01   1.46979530e-08   3.77296575e-23
   1.41087891e-01   4.46862617e-07] , [  2.41592721e-08   9.75295634e-16   6.65352952e-08   5.96683628e-01
   4.03312472e-01   3.80980124e-06] , [  4.67067825e-06   6.25693008e-21   1.19420310e-08   9.53115839e-01
   4.67818950e-02   9.75832390e-05] , [  3.09093099e-04   5.42224924e-24   5.82577324e-15   7.92728262e-01
   7.92915801e-02   1.27671065e-01] , [  3.49529140e-04   2.49748465e-09   4.20937211e-04   1.22790200e-01
   8.76427793e-01   1.15385262e-05] , [  6.49015636e-04   1.51719279e-13   5.67568214e-23   1.05551901e-05
   3.66675603e-02   9.62672869e-01] , [  3.71768919e-05   1.26460015e-12   5.27935121e-03   6.30131554e-01
   3.64551918e-01   9.33240561e-11] , [  4.27644297e-04   5.58256195e-06   1.07399523e-06   9.53840385e-07
   9.99530723e-01   3.40221002e-05] , [  2.42338918e-06   3.61637298e-23   1.52123956e-08   7.80597701e-01
   2.17132008e-01   2.26785316e-03] , [  4.79345037e-07   2.95424533e-02   7.31590494e-01   4.25463114e-11
   2.38866574e-01   4.69306093e-18] , [  6.82966277e-03   5.09237043e-01   8.27242154e-04   7.16965786e-13
   4.83106053e-01   1.61866695e-11] , [  2.48824271e-05   3.67764003e-13   5.17052728e-06   6.70330495e-01
   3.29639451e-01   1.17614254e-09] , [  7.21569024e-04   3.18674455e-12   5.02104163e-15   8.57172761e-01
   1.34157938e-01   7.94773229e-03] , [  9.80614401e-01   6.34338927e-05   8.16045549e-35   2.32779807e-07
   1.93219308e-02   1.16032972e-09] , [  5.67027901e-05   5.30830019e-17   7.15973037e-15   6.60572264e-01
   3.39365487e-01   5.54675813e-06] , [  1.23871245e-06   5.54031838e-14   6.68746756e-13   4.82595449e-01
   3.24896145e-02   4.84913697e-01] , [  1.66597016e-06   1.42404409e-10   2.06153594e-18   2.98601063e-07
   6.51831811e-02   9.34814854e-01] , [  9.99792589e-01   6.40129238e-10   3.45050964e-15   1.94196947e-13
   2.07400921e-04   9.29900112e-09] , [  4.36889450e-05   6.98071037e-12   8.78182975e-13   1.76251671e-04
   3.14209815e-02   9.68359078e-01] , [  1.67538444e-07   1.15106158e-01   6.71812048e-03   1.33522853e-10
   8.78175553e-01   8.95415248e-10] , [  4.61938480e-07   8.62052838e-03   5.78818934e-01   4.85271125e-05
   4.12511549e-01   1.75539458e-19] , [  3.38147416e-03   8.97661064e-01   2.76823475e-06   1.41611102e-14
   9.89546937e-02   2.45805848e-11] , [  5.47134919e-06   9.41812380e-01   1.40527942e-07   2.25292568e-16
   5.81795775e-02   2.43019081e-06] , [  9.71144960e-05   7.12524394e-01   4.96109384e-04   3.20836186e-11
   2.86882382e-01   1.78952445e-11] , [  9.97687907e-01   2.01841932e-10   3.89764688e-16   8.50082888e-12
   2.30876443e-03   3.32848696e-06] , [  7.10193716e-07   1.19604916e-12   3.33237931e-12   8.18791601e-06
   6.36635716e-02   9.36327530e-01] , [  2.15160909e-03   5.03830790e-09   1.98472186e-13   1.05203287e-05
   4.93441276e-01   5.04396589e-01] , [  8.28501707e-01   2.00011355e-06   5.55992018e-33   9.64562093e-10
   1.71492868e-01   3.42424402e-06] , [  9.88702026e-04   3.32970951e-04   4.69041834e-09   2.18196650e-05
   9.98252247e-01   4.04255489e-04] , [  8.14646920e-04   1.17832481e-01   1.42903742e-04   1.54223889e-09
   8.79379204e-01   1.83076204e-03] , [  6.94576629e-04   1.57161462e-04   3.09220910e-03   6.73579631e-05
   9.95988695e-01   1.55060707e-11] , [  9.99228612e-01   9.68454074e-06   1.80807099e-06   6.10882150e-11
   7.59895774e-04   2.92034028e-14] , [  9.68813444e-01   1.35563649e-10   9.67952001e-12   4.90812804e-10
   3.11864512e-02   1.04272601e-07] , [  2.96914109e-06   5.84886137e-05   6.55778433e-01   1.87280708e-05
   3.44141381e-01   3.94999079e-16] , [  2.71623391e-06   5.86663703e-16   8.89794224e-10   7.91248993e-01
   2.08165618e-01   5.82671167e-04] , [  7.38611461e-08   4.79000274e-01   4.79166278e-01   4.12603243e-11
   4.18333741e-02   4.59907378e-18] , [  5.62037965e-06   2.50669222e-10   5.33145265e-13   1.89519167e-01
   1.98320682e-01   6.12154530e-01] , [  2.78032524e-07   2.00155875e-09   8.49777408e-01   2.33858407e-04
   1.49988232e-01   2.21241466e-07] , [  8.64415141e-06   1.48491073e-07   6.58436487e-01   2.78017197e-09
   3.41554717e-01   5.89157579e-18] , [  9.67865604e-01   1.54267879e-05   4.45845843e-11   1.34397640e-06
   3.21176250e-02   2.17746346e-18] , [  9.99917782e-01   2.02505360e-10   2.17970215e-11   6.50143543e-07
   8.15671186e-05   2.23564223e-10] , [  3.73807955e-07   4.97640245e-11   4.82953474e-26   8.23662986e-05
   1.94150410e-01   8.05766850e-01] , [  8.77498276e-01   6.58547285e-08   1.13500953e-18   1.89112921e-04
   1.22312495e-01   5.07198832e-08] , [  4.70729972e-05   9.61211073e-06   4.37589278e-05   1.41954607e-07
   9.99875248e-01   2.41663330e-05] , [  4.14269724e-03   1.20590296e-08   2.48335930e-10   9.31163051e-10
   9.95805430e-01   5.18597005e-05] , [  7.56269214e-07   2.50681913e-18   8.52395457e-06   8.07891101e-01
   1.92099617e-01   1.37575394e-09] , [  2.00641596e-07   5.66860701e-11   1.25844451e-01   2.36019136e-04
   8.73919253e-01   7.57804543e-08] , [  7.04727234e-06   1.95037469e-11   1.25505434e-01   1.02216265e-02
   8.63925784e-01   3.40108572e-04] , [  1.52581252e-05   1.64979003e-19   2.73701332e-12   8.98242973e-01
   1.01738851e-01   2.91802336e-06] , [  9.98981263e-01   9.99811469e-09   1.47936249e-16   8.46002837e-06
   1.00736462e-03   2.90219221e-06] , [  1.07462636e-05   1.89742605e-07   6.76119372e-04   2.16319014e-04
   9.99096583e-01   4.30814128e-08] , [  5.47192034e-08   2.51234185e-11   6.33155594e-18   4.87993362e-06
   1.87679445e-01   8.12315620e-01] , [  9.75428150e-01   1.64384256e-08   7.57645746e-16   1.64369725e-04
   2.44068873e-02   5.76641035e-07] , [  1.53113266e-06   6.17487279e-01   3.92252927e-06   9.88493382e-18
   3.82506526e-01   7.41998592e-07] , [  1.91785263e-04   1.59938068e-09   1.98389392e-23   1.99050695e-07
   5.81717240e-03   9.93990842e-01] , [  1.12401570e-03   2.66070306e-04   3.16488091e-11   6.66798515e-09
   2.20357062e-01   7.78252845e-01] , [  3.08818946e-03   1.37244537e-05   2.96219355e-13   4.32304198e-06
   9.96885368e-01   8.39519188e-06] , [  9.70180838e-08   2.07556571e-01   5.98956479e-01   3.76125731e-13
   1.93486853e-01   2.46847523e-12] , [  5.77710395e-05   1.53979051e-05   6.61618449e-01   2.25501503e-07
   3.38308156e-01   5.74114418e-12] , [  6.27992186e-05   9.04120745e-01   1.72661124e-03   2.74711504e-13
   9.40898433e-02   7.17167555e-10] , [  1.45906463e-03   7.71061621e-01   3.20237270e-07   1.75473442e-09
   2.27478862e-01   1.30512185e-07] , [  2.99709471e-07   4.79408048e-07   5.90079234e-01   1.30766094e-09
   4.09919986e-01   6.51273512e-11] , [  9.87791416e-07   1.35459525e-19   5.56467869e-14   7.17209648e-01
   2.79735754e-01   3.05360956e-03] , [  6.41813856e-05   7.35067119e-09   1.53117746e-09   8.49113008e-08
   9.99921928e-01   1.37964831e-05] , [  2.30576215e-04   1.58722940e-07   3.21858438e-27   1.66399728e-07
   2.71415851e-01   7.28353248e-01] , [  9.99275768e-01   1.41530258e-08   2.07150822e-05   2.47291648e-05
   6.78773404e-04   1.69847620e-11] , [  3.91966468e-04   6.29237696e-04   1.00149084e-09   1.49154744e-08
   9.98228973e-01   7.49806824e-04] , [  1.20447540e-05   9.31875849e-01   6.03156873e-04   3.56685217e-11
   6.75025230e-02   6.42661223e-06] , [  1.63595741e-06   1.49971344e-18   2.25677566e-08   7.12267294e-01
   2.87405158e-01   3.25890026e-04] , [  4.12592234e-06   1.22187029e-05   7.32159926e-08   4.07574353e-06
   9.99948058e-01   3.14482940e-05] , [  3.49074669e-06   1.90201292e-15   1.40630397e-17   9.65335518e-02
   6.39411989e-02   8.39521759e-01] , [  1.14112717e-05   8.18601869e-01   3.79662872e-08   5.55350574e-22
   1.81383621e-01   3.06031048e-06] , [  7.54588588e-01   2.30277711e-01   3.35095561e-38   5.79876995e-14
   1.51213931e-02   1.23083245e-05] , [  4.98132557e-08   2.49016849e-17   1.07201407e-07   8.19331359e-01
   1.80563336e-01   1.05147744e-04] , [  3.35527439e-05   3.55423271e-18   8.75881114e-14   7.40109546e-01
   2.57590301e-01   2.26660037e-03] , [  3.98402827e-05   5.35721267e-03   5.16983684e-01   3.59878839e-11
   4.77619263e-01   3.12815864e-19] , [  4.83106061e-05   1.02366386e-04   7.52009834e-01   3.84442795e-06
   2.47835644e-01   8.28991521e-11] , [  6.46735283e-07   1.46766585e-20   1.55992076e-08   8.24756312e-01
   1.73457257e-01   1.78576910e-03] , [  2.70897716e-04   4.80240762e-19   1.09922589e-12   7.51374785e-01
   5.77195265e-02   1.90634790e-01] , [  1.21689632e-04   9.54954939e-02   1.97484429e-04   7.85375402e-11
   9.04185332e-01   6.50635645e-12] , [  6.05568327e-05   3.33020040e-07   9.38979227e-17   3.28237321e-08
   1.16649748e-01   8.83289330e-01] , [  7.59850036e-01   3.17290133e-06   3.45627690e-14   8.29135229e-08
   2.40146708e-01   4.07114267e-11] , [  8.68320222e-03   8.85061456e-03   3.04993751e-07   9.18064263e-09
   9.78177874e-01   4.28799454e-03] , [  6.32081195e-05   4.85237552e-10   5.72035117e-19   2.77537814e-10
   2.17406507e-02   9.78196140e-01] , [  2.51952541e-06   8.47015205e-08   4.67788356e-05   8.08988786e-04
   9.99140390e-01   1.23859871e-06] , [  8.01229591e-05   1.44266630e-06   3.92794567e-03   1.15598412e-02
   9.84429860e-01   7.87046022e-07] , [  2.51844350e-06   9.80496559e-20   2.07826676e-09   7.23753161e-01
   2.76244137e-01   1.81187621e-07] , [  8.81918290e-01   1.70883983e-05   2.60969200e-26   5.79382880e-12
   1.15049135e-01   3.01548641e-03] , [  5.66129586e-05   3.21829172e-17   2.99691969e-09   8.98437244e-01
   1.01428972e-01   7.71684617e-05] , [  7.21047202e-06   5.20371030e-03   8.43447982e-01   5.92821466e-06
   1.51335169e-01   3.06166335e-18] , [  2.23754408e-04   4.87699863e-14   5.08805387e-08   5.32752670e-01
   4.31022472e-01   3.60010525e-02] , [  1.19528762e-05   1.38312841e-10   4.68389494e-17   1.11170327e-02
   3.42089093e-01   6.46781921e-01] , [  1.75861310e-05   8.54339809e-01   3.20814615e-07   1.12888723e-19
   1.43796397e-01   1.84588743e-03] , [  2.02520243e-03   7.50085765e-01   2.07689441e-01   5.27762579e-11
   4.01995918e-02   3.67237268e-13] , [  8.17357089e-04   2.83254993e-11   1.64620477e-16   1.72272807e-02
   6.98819624e-02   9.12073400e-01] , [  2.76515242e-03   1.19352193e-01   2.47303533e-04   9.33856944e-10
   8.77635293e-01   5.68265094e-08] , [  1.83238308e-05   9.13698136e-19   1.22487358e-08   7.44208642e-01
   2.55436524e-01   3.36497712e-04] , [  2.10981983e-06   3.19130278e-15   1.37023491e-23   1.83016378e-04
   2.77526306e-01   7.22288568e-01] , [  4.89520452e-05   9.50714743e-03   6.69337226e-01   1.82335634e-09
   3.21106673e-01   9.87902012e-12] , [  2.88391502e-05   6.57507011e-09   5.40391841e-04   1.57002647e-04
   9.98907769e-01   3.65991204e-04] , [  8.10186507e-06   1.14673074e-20   3.94368515e-06   7.11207816e-01
   2.88294715e-01   4.85422910e-04] , [  3.74899409e-05   7.35881499e-18   1.33847891e-13   5.12436209e-02
   3.00175478e-01   6.48543411e-01] , [  1.17632382e-06   1.33245280e-15   1.29043220e-11   9.77606544e-01
   2.22462327e-02   1.46046623e-04] , [  3.58273905e-05   1.91349229e-11   5.01005444e-23   4.78238137e-02
   2.32647206e-02   9.28875638e-01] , [  8.74142563e-07   6.12342924e-01   4.81416761e-02   3.93613437e-14
   3.39481579e-01   3.29471819e-05] , [  1.08119009e-05   1.65944377e-06   7.51041635e-01   3.45309370e-09
   2.48945890e-01   8.55471269e-14] , [  8.43025630e-01   3.85365841e-09   1.73370325e-12   6.82980809e-09
   1.56956927e-01   1.74327723e-05] , [  9.99972469e-01   6.10313765e-06   6.10649209e-13   4.79687952e-09
   2.14221127e-05   8.77391222e-10] , [  1.48017804e-04   9.24384270e-10   4.42846462e-19   6.79968166e-05
   3.59169793e-02   9.63867005e-01] , [  2.05481082e-05   1.23085428e-08   1.92494345e-17   3.97282586e-01
   5.67410846e-02   5.45955769e-01] , [  9.62617190e-01   1.20753421e-03   2.08299608e-28   1.32175103e-11
   3.57347093e-02   4.40566357e-04] , [  1.98550952e-05   2.24721823e-21   4.70189358e-09   7.47034708e-01
   2.52863635e-01   8.17965698e-05] , [  3.74901161e-07   1.81062073e-18   6.32348989e-06   9.85879203e-01
   1.34053316e-02   7.08766988e-04] , [  7.98869905e-08   7.95826463e-19   3.69182736e-05   9.28400436e-01
   7.02278689e-02   1.33469673e-03] , [  2.71628606e-05   3.24072311e-19   4.87827966e-06   8.35519356e-01
   1.64447183e-01   1.42046905e-06] , [  1.51552969e-05   2.54698366e-12   4.03023031e-12   9.86265083e-01
   1.37166684e-02   3.09340776e-06] , [  6.78018372e-06   2.79649648e-10   1.18481771e-17   3.82458966e-03
   1.73621195e-01   8.22547435e-01] , [  4.31649815e-07   9.02504338e-06   9.92026770e-01   1.00848461e-09
   7.96377230e-03   7.19944258e-17] , [  2.01445902e-04   1.34665057e-01   8.37725683e-01   2.94681558e-13
   2.74078138e-02   3.81937449e-19] , [  1.01222543e-04   3.43326084e-06   9.64338471e-01   4.37559659e-03
   3.11812763e-02   1.20772042e-17] , [  9.97308586e-01   1.88507403e-06   7.13269961e-14   1.22947135e-10
   2.68952864e-03   2.49606443e-12] , [  4.14480496e-09   5.98953814e-23   1.13379421e-06   6.29808732e-01
   3.66018348e-01   4.17178209e-03] , [  8.47497685e-01   3.40401906e-08   2.70523413e-16   1.41761809e-10
   1.52502281e-01   2.98528895e-12] , [  2.50936642e-03   9.56381614e-01   3.56366619e-10   2.96342510e-15
   4.11090162e-02   2.55038205e-09] , [  9.95978779e-05   2.36335540e-08   1.20353507e-05   1.09133692e-05
   9.99876296e-01   1.13389252e-06] , [  1.31191594e-04   1.73135704e-05   9.81421838e-01   5.79379813e-05
   1.83717184e-02   1.34132163e-17] , [  1.92068319e-03   2.95035370e-07   2.06782673e-11   1.71284075e-03
   9.96364074e-01   2.10668186e-06] , [  9.58771828e-01   2.06573627e-06   2.19342323e-07   7.17314451e-12
   4.12257015e-02   1.85103340e-07] , [  2.32513791e-07   1.10954736e-10   9.57035516e-09   6.72756012e-05
   1.24340072e-01   8.75592410e-01] , [  4.60054720e-05   2.09440280e-03   1.64632354e-09   4.38520020e-05
   9.97390311e-01   4.25427078e-04] , [  9.89076754e-05   2.08274207e-02   7.63225945e-02   6.74736541e-12
   9.02751077e-01   7.75832239e-11] , [  5.74136447e-03   9.81879990e-01   1.51692039e-04   8.83662012e-18
   1.22221621e-02   4.79110242e-06] , [  1.17676323e-06   3.61175198e-11   1.07367514e-20   7.83890419e-09
   3.24687914e-01   6.75310901e-01] , [  1.66214255e-05   6.11565661e-01   3.33050542e-01   1.40739477e-18
   5.53671757e-02   3.17557654e-10] , [  2.00968040e-06   9.24656883e-01   5.98207878e-02   1.18135463e-13
   1.55203176e-02   1.98741066e-09] , [  3.82317196e-03   4.63764611e-11   5.19596716e-09   2.03159199e-05
   9.96154470e-01   2.03671482e-06] , [  4.81999565e-03   4.05535615e-03   9.59562179e-01   2.14975785e-09
   3.15624667e-02   2.53946903e-10] , [  1.36078111e-04   6.28899087e-03   4.18279013e-02   2.57517253e-01
   6.94061082e-01   1.68694437e-04] , [  4.83805739e-04   1.09028634e-14   2.30891720e-16   1.14751711e-02
   1.91240433e-02   9.68916980e-01] , [  4.24991133e-06   1.84446352e-21   2.61048408e-11   8.19579409e-01
   2.10507274e-02   1.59365614e-01] , [  3.26239532e-06   6.57754271e-14   5.39726196e-16   2.32920340e-03
   2.13870116e-01   7.83797418e-01] , [  2.23883102e-07   2.19051845e-10   7.87414007e-01   7.49369506e-02
   1.37648819e-01   6.91805131e-15] , [  1.66072394e-03   4.84596463e-04   6.85008242e-09   6.41095032e-06
   9.97608902e-01   2.39359862e-04] , [  5.16007134e-06   9.15334480e-16   1.95308270e-14   3.90861959e-02
   1.04848318e-01   8.56060326e-01] , [  3.60773061e-07   1.44748586e-23   2.03387465e-08   8.97176024e-01
   1.02333624e-01   4.89970912e-04] , [  1.15226692e-04   2.42973773e-13   2.38711903e-14   1.67211949e-03
   5.57490999e-02   9.42463554e-01] , [  7.85507116e-05   6.30193511e-23   7.93711918e-08   9.06355173e-01
   9.35650536e-02   1.14368156e-06] ]
log_loss: 0.633567708603 

------------ 		SVC         ------------
Predict Proba:
 [ 0.97053638  0.00491987  0.00799396  0.00502562  0.0033416   0.00818256] , [ 0.00238858  0.00221629  0.00179182  0.01820778  0.00211741  0.97327812] , [ 0.00517177  0.02436383  0.96098102  0.0027467   0.00240685  0.00432985] , [ 0.0172809   0.00499962  0.01044667  0.00504421  0.94746007  0.01476853] , [ 0.96769444  0.00520886  0.00893195  0.00532386  0.00350543  0.00933547] , [ 0.00365483  0.00315436  0.00353666  0.98402541  0.00290887  0.00271987] , [ 0.0089002   0.00319316  0.00960694  0.0031891   0.96764169  0.00746891] , [ 0.00978461  0.00705883  0.00843532  0.00519886  0.00423388  0.9652885 ] , [ 0.00435133  0.00201149  0.00335201  0.00223479  0.98256536  0.00548503] , [  4.73061669e-04   9.95610421e-01   9.13364731e-04   9.75907997e-04
   1.37342240e-03   6.53822021e-04] , [ 0.00626791  0.00236391  0.00514608  0.00238756  0.97847372  0.00536082] , [ 0.99141406  0.00201735  0.00139579  0.00201612  0.00203473  0.00112195] , [ 0.98047702  0.00376159  0.00469116  0.00382026  0.00286318  0.00438679] , [  9.22232375e-04   4.88873493e-03   9.90712768e-01   1.05586979e-03
   1.63352532e-03   7.86869719e-04] , [ 0.00500513  0.98123855  0.00276586  0.00298394  0.00279625  0.00521026] , [  9.46951074e-04   1.80888111e-03   1.40124108e-03   9.92758053e-01
   2.03469710e-03   1.05017644e-03] , [ 0.01933362  0.0056056   0.01221066  0.00571268  0.93814986  0.01898757] , [  9.45967827e-04   1.77141245e-03   1.37657698e-03   9.92879262e-01
   2.00408568e-03   1.02269516e-03] , [ 0.98604994  0.00296238  0.00292966  0.00298904  0.00251993  0.00254905] , [ 0.00918401  0.00326491  0.00639805  0.00335936  0.96835573  0.00943794] , [ 0.0097588   0.00338627  0.00744703  0.00339336  0.96725604  0.00875851] , [ 0.00651972  0.0055199   0.97057252  0.00560768  0.00444333  0.00733686] , [ 0.00378995  0.00764274  0.97779031  0.00377311  0.00307512  0.00392877] , [ 0.01200987  0.00555096  0.9584604   0.00720956  0.0044064   0.01236281] , [ 0.01481386  0.9480804   0.01303294  0.00593977  0.00447872  0.0136543 ] , [ 0.0442821   0.01187039  0.8859438   0.01227174  0.00635529  0.03927668] , [ 0.00514404  0.00218114  0.00425751  0.00240934  0.98048214  0.00552582] , [ 0.98343515  0.00333559  0.00371246  0.00337962  0.00280408  0.00333311] , [ 0.01632869  0.23849901  0.71973205  0.00663961  0.00459175  0.01420889] , [ 0.01532303  0.00785983  0.01147287  0.02264534  0.00544655  0.93725238] , [ 0.00395462  0.01056145  0.97478139  0.00349165  0.00340227  0.00380863] , [ 0.937783    0.00770345  0.01909918  0.00789282  0.0044169   0.02310464] , [ 0.03455374  0.00846612  0.02175209  0.00861778  0.89790653  0.02870372] , [ 0.00474285  0.00436315  0.005149    0.97768363  0.00368904  0.00437233] , [ 0.91081465  0.00946876  0.02813279  0.00967773  0.00505473  0.03685134] , [  1.77292000e-04   1.42550191e-03   3.52324390e-04   2.55376811e-03
   2.27277332e-03   9.93218340e-01] , [ 0.98069176  0.00372869  0.00461599  0.00378736  0.00287305  0.00430315] , [ 0.00327333  0.00310644  0.98217539  0.00417127  0.00326007  0.0040135 ] , [ 0.00901419  0.00501942  0.00647941  0.0607208   0.00371574  0.91505044] , [ 0.01005566  0.00644973  0.00894084  0.95266796  0.00484119  0.01704462] , [ 0.00128827  0.99162118  0.00168449  0.00175674  0.00202473  0.0016246 ] , [  8.27217118e-04   6.04173133e-04   8.06196201e-04   6.55934139e-04
   9.95997269e-01   1.10921001e-03] , [ 0.00330596  0.00553113  0.980902    0.00370294  0.00300282  0.00355515] , [  5.45808822e-04   2.08146803e-03   9.92540678e-01   1.84809088e-03
   2.03762046e-03   9.46333614e-04] , [ 0.00313561  0.00155068  0.00215779  0.00182066  0.98686202  0.00447323] , [ 0.89231782  0.01053185  0.03421922  0.01073795  0.00552036  0.04667279] , [ 0.02170886  0.00921671  0.01517464  0.01847098  0.00507347  0.93035534] , [ 0.9492316   0.00684096  0.01521059  0.00701034  0.00411599  0.01759051] , [ 0.00661129  0.00260302  0.00465186  0.00267243  0.975845    0.0076164 ] , [ 0.02607214  0.00988166  0.01746038  0.03621234  0.00670098  0.9036725 ] , [  1.17620804e-03   1.75640889e-03   1.45430511e-03   9.92723408e-01
   1.97519564e-03   9.14474326e-04] , [ 0.00142416  0.00206269  0.0017893   0.99127352  0.00220582  0.00124451] , [ 0.94840412  0.00690693  0.01550658  0.00707578  0.00412059  0.01798599] , [ 0.00121378  0.01855472  0.97672933  0.0010465   0.00139656  0.00105911] , [ 0.00355792  0.00319509  0.98111868  0.00435918  0.00350988  0.00425924] , [ 0.01055988  0.23316584  0.73863532  0.00438199  0.00394499  0.00931198] , [ 0.01822648  0.00681527  0.01170043  0.94795362  0.0048811   0.01042309] , [ 0.984276    0.0032313   0.00347321  0.00327101  0.00264837  0.00310011] , [ 0.92337716  0.0086844   0.02394197  0.00888913  0.00477859  0.03032875] , [ 0.9374175   0.00773242  0.01921684  0.00792018  0.0044314   0.02328166] , [ 0.01102724  0.00364715  0.00752008  0.00373236  0.96392621  0.01014694] , [ 0.93164938  0.00813502  0.02116912  0.00833015  0.00456616  0.02615017] , [ 0.00339619  0.982728    0.00373779  0.00320434  0.00303004  0.00390365] , [ 0.00103508  0.00185996  0.99072936  0.00252071  0.00241124  0.00144366] , [ 0.10273434  0.01316421  0.77849644  0.01676721  0.0078303   0.08100749] , [ 0.01260636  0.00406116  0.01042076  0.00409771  0.95816839  0.01064562] , [ 0.00228283  0.00453489  0.98339167  0.00364395  0.0030133   0.00313335] , [ 0.00913818  0.00532086  0.96499541  0.00652062  0.00424586  0.00977908] , [ 0.02855489  0.00737109  0.01987822  0.00749565  0.91276434  0.0239358 ] , [ 0.00305893  0.96340829  0.02377543  0.00306766  0.00309013  0.00359956] , [ 0.02653454  0.5160144   0.41795856  0.00982892  0.00650134  0.02316223] , [ 0.04571489  0.01033878  0.03025737  0.01042011  0.86733889  0.03592996] , [ 0.00733738  0.00639131  0.00682157  0.0041319   0.00398093  0.97133691] , [ 0.00784911  0.95940384  0.01498957  0.00526259  0.00425963  0.00823525] , [  1.84304836e-04   1.58945014e-03   4.14538357e-04   1.82570384e-03
   1.88474717e-03   9.94101256e-01] , [ 0.00212632  0.00495003  0.98528286  0.00284631  0.00252026  0.00227423] , [  1.12080714e-03   9.93769551e-01   8.78874718e-04   1.27155751e-03
   1.60134589e-03   1.35786372e-03] , [ 0.00172752  0.00247364  0.00224964  0.98978961  0.00250798  0.00125161] , [ 0.00524351  0.0137478   0.968354    0.0041993   0.00327092  0.00518446] , [  6.87474345e-04   2.71600835e-03   1.24955748e-03   2.74358977e-03
   2.55187275e-03   9.90051497e-01] , [ 0.00135264  0.00219961  0.00187005  0.99062786  0.00232579  0.00162406] , [ 0.00131776  0.00230164  0.00130193  0.00448129  0.0021863   0.9884111 ] , [ 0.03833313  0.03463221  0.87585016  0.01138585  0.00617446  0.03362419] , [ 0.02863005  0.78350022  0.14336501  0.01125388  0.00742509  0.02582575] , [ 0.0019379   0.00107366  0.00153733  0.0011833   0.99202477  0.00224304] , [ 0.00581698  0.00232457  0.00506706  0.00232277  0.97902809  0.00544053] , [ 0.97606559  0.00429526  0.0060993   0.00437738  0.00319949  0.00596298] , [ 0.00279044  0.00326235  0.00335042  0.97885791  0.00309133  0.00864756] , [ 0.00285914  0.9842971   0.00430386  0.0026381   0.00263727  0.00326453] , [ 0.00571474  0.00468063  0.00558919  0.92678506  0.00384679  0.05338359] , [ 0.00625197  0.00491619  0.00602434  0.95814964  0.00399238  0.02066548] , [ 0.13160711  0.01676827  0.72534079  0.01831746  0.00835713  0.09960925] , [ 0.01318424  0.00416863  0.00937393  0.00422477  0.95752975  0.01151868] , [ 0.03890615  0.89441404  0.01764095  0.00989959  0.00625352  0.03288575] , [ 0.00458133  0.00429766  0.00501541  0.97290635  0.00364791  0.00955133] , [ 0.00226482  0.00284524  0.00277922  0.98754632  0.00275191  0.0018125 ] , [ 0.01629602  0.00699531  0.01128484  0.9455994   0.00501062  0.01481381] , [ 0.02803302  0.00740635  0.01617705  0.007655    0.91219175  0.02853683] , [  6.44513215e-04   2.77082504e-03   1.25529531e-03   1.29438392e-03
   2.54327884e-03   9.91491704e-01] , [ 0.04956119  0.01123052  0.02718283  0.01161458  0.85371851  0.04669238] , [ 0.00940119  0.00326319  0.00624201  0.00335927  0.96909944  0.0086349 ] , [ 0.00545194  0.00361692  0.00438348  0.97978757  0.00318484  0.00357524] , [ 0.06640656  0.01395773  0.84256598  0.01426137  0.00702721  0.05578116] , [ 0.00416308  0.97156532  0.01260583  0.00365223  0.00331689  0.00469667] , [ 0.00887705  0.0032228   0.00577841  0.00330638  0.9690971   0.00971826] , [ 0.0079615   0.00553083  0.00647168  0.02340248  0.00396632  0.95266719] , [ 0.91758142  0.00905399  0.02587721  0.00926094  0.0049029   0.03332355] , [  4.52282382e-04   1.19858391e-03   7.68900808e-04   9.94407740e-01
   1.54207532e-03   1.63041727e-03] , [  7.64422951e-04   1.59501806e-03   1.17058665e-03   9.86198321e-01
   1.87622496e-03   8.39542624e-03] , [  8.63803141e-04   1.88420250e-03   8.63070756e-04   3.09333811e-03
   1.96721884e-03   9.91328367e-01] , [ 0.92182211  0.00878443  0.02447288  0.00898681  0.00481558  0.03111818] , [ 0.00192458  0.00158712  0.00139887  0.00953107  0.00172101  0.98383734] , [ 0.001967    0.00260884  0.98622171  0.00336014  0.00329595  0.00254636] , [ 0.02062597  0.11961607  0.83079785  0.00728671  0.00481319  0.01686021] , [ 0.00320306  0.98640805  0.00215331  0.00234045  0.0023907   0.00350443] , [  1.62739948e-05   9.97686500e-01   1.89997425e-04   6.53072640e-04
   1.10296153e-03   3.51194902e-04] , [ 0.00157866  0.98819423  0.00391324  0.00207391  0.00227351  0.00196644] , [ 0.96031518  0.00590868  0.01144909  0.00604828  0.00374656  0.01253221] , [ 0.01607288  0.00843913  0.01205193  0.00464514  0.00465413  0.95413679] , [ 0.02798042  0.01020231  0.01792853  0.00758244  0.00672641  0.9295799 ] , [ 0.9790597   0.00392696  0.00511378  0.00399494  0.00306663  0.00483798] , [ 0.05996591  0.0126278   0.0313849   0.01296593  0.83107424  0.05198122] , [ 0.02550677  0.7012155   0.23290402  0.01023716  0.00711773  0.02301883] , [ 0.0050219   0.0091125   0.97192091  0.00435742  0.00448708  0.00510018] , [ 0.90580008  0.00976874  0.0298034   0.00997645  0.00512701  0.03952432] , [ 0.96824326  0.00514428  0.00872789  0.0052583   0.00356193  0.00906435] , [ 0.01013144  0.01067349  0.9583095   0.00639603  0.00422684  0.0102627 ] , [ 0.00274245  0.00295593  0.00295454  0.81343774  0.00276307  0.17514627] , [ 0.00436151  0.00752113  0.97585058  0.0042936   0.00331761  0.00465557] , [ 0.0034294   0.00364785  0.00300788  0.01295394  0.00292643  0.9740345 ] , [  1.19450944e-03   8.66835733e-04   2.05783125e-03   9.28014103e-04
   9.93518154e-01   1.43465531e-03] , [ 0.01248569  0.05323488  0.9146111   0.00535631  0.00383403  0.01047799] , [ 0.95065251  0.00673064  0.01473488  0.00689381  0.00405052  0.01693764] , [ 0.95775991  0.00613347  0.01231431  0.00627948  0.00384925  0.01366358] , [ 0.01687529  0.00856706  0.01260349  0.00824939  0.00478815  0.94891662] , [ 0.79554678  0.01505422  0.06416736  0.01502842  0.00680382  0.1033994 ] , [ 0.01398264  0.00437399  0.00927383  0.00443335  0.95378997  0.01414622] , [ 0.02839645  0.00725473  0.0173552   0.00736968  0.91733999  0.02228396] , [ 0.00857738  0.0058917   0.00783573  0.95976657  0.00470192  0.01322669] , [ 0.00970429  0.00339814  0.00879406  0.00339649  0.96631978  0.00838725] , [ 0.00742288  0.00279363  0.00506049  0.00290218  0.97381078  0.00801004] , [ 0.00354585  0.00372917  0.00407892  0.98261833  0.00331225  0.00271548] , [ 0.8271858   0.01372492  0.0545312   0.01378478  0.00639529  0.08437802] , [ 0.01722191  0.0050395   0.01323277  0.00510735  0.94545843  0.01394005] , [ 0.011805    0.00758026  0.00964028  0.00429089  0.00439744  0.96228613] , [ 0.96888349  0.00508507  0.00852921  0.00519794  0.00346874  0.00883556] , [ 0.00512029  0.96424615  0.01724167  0.00412935  0.00360225  0.0056603 ] , [  1.54825107e-04   1.40483261e-03   3.38872526e-04   2.50728143e-03
   1.77159306e-03   9.93822595e-01] , [ 0.00515512  0.0022094   0.00416538  0.00244625  0.9805713   0.00545255] , [ 0.01687842  0.00502164  0.01054964  0.00509223  0.94711556  0.01534252] , [ 0.0213514   0.00916343  0.93478737  0.00905762  0.00521145  0.02042873] , [ 0.00159057  0.00303162  0.98621184  0.0029965   0.00402008  0.00214939] , [ 0.01915574  0.88079545  0.06665159  0.00894138  0.0061886   0.01826725] , [ 0.00582785  0.96347297  0.01612162  0.00444329  0.00379307  0.00634119] , [ 0.02857745  0.00933344  0.92037508  0.0101696   0.00536329  0.02618114] , [ 0.00523014  0.00389247  0.00460333  0.97859471  0.00336899  0.00431037] , [ 0.03634461  0.00884283  0.02170568  0.00897092  0.89217801  0.03195795] , [  5.56210059e-04   2.54564157e-03   1.08660969e-03   1.66841420e-03
   2.43844285e-03   9.91704682e-01] , [ 0.98403825  0.00325643  0.00352504  0.00329819  0.00272668  0.00315543] , [ 0.01162213  0.0037415   0.00656595  0.00391827  0.96303985  0.01111231] , [ 0.00310577  0.97753259  0.00969992  0.00308231  0.00296837  0.00361104] , [  8.15628670e-04   1.66521374e-03   1.24130159e-03   9.92335075e-01
   1.92561913e-03   2.01716142e-03] , [ 0.00201188  0.00113756  0.00191511  0.00123658  0.9915436   0.00215528] , [ 0.00259793  0.00458722  0.00351588  0.00186566  0.00341179  0.98402152] , [ 0.00365731  0.98502459  0.00232457  0.00252906  0.00251525  0.00394922] , [ 0.95033116  0.00674758  0.01480719  0.006915    0.00418795  0.01701112] , [  4.99426972e-04   1.26815419e-03   8.33505409e-04   9.93324117e-01
   1.59927898e-03   2.47551744e-03] , [ 0.00512419  0.00426751  0.00517486  0.97782648  0.00360343  0.00400353] , [ 0.03862288  0.01231245  0.89666079  0.01153108  0.00611424  0.03475855] , [ 0.02537814  0.54849625  0.38805325  0.00948517  0.00628444  0.02230275] , [ 0.00619924  0.00407791  0.00507593  0.97736651  0.00346902  0.0038114 ] , [ 0.00415505  0.0040311   0.00460103  0.97787571  0.00349179  0.00584532] , [ 0.00553096  0.00603659  0.97304606  0.00526582  0.00359604  0.00652452] , [  4.78407575e-04   2.32828170e-03   9.07149687e-04   2.31772329e-03
