------------ LogisticRegression ------------
Predict Proba:
 [  9.05293267e-01   9.45672058e-02   1.39527085e-04] , [ 0.03988457  0.05470233  0.9054131 ] , [ 0.5554991   0.08178251  0.36271839] , [  9.20833212e-01   7.87559418e-02   4.10845732e-04] , [ 0.31521462  0.07251383  0.61227155] , [ 0.05015646  0.05273283  0.89711071] , [ 0.85877858  0.09121581  0.05000561] , [ 0.87309184  0.09474204  0.03216613] , [  9.41693979e-01   5.74963859e-02   8.09634878e-04] , [ 0.00810598  0.07495415  0.91693987] , [  8.65665874e-04   6.13878075e-02   9.37746527e-01] , [ 0.01038177  0.08930923  0.900309  ] , [ 0.57109261  0.12175064  0.30715675] , [  1.53344257e-04   5.59734476e-02   9.43873208e-01] , [ 0.88768593  0.04769649  0.06461758] , [ 0.08791374  0.07853973  0.83354653] , [ 0.00934736  0.09908295  0.89156969] , [ 0.8446967   0.08565792  0.06964538] , [ 0.45320662  0.08494004  0.46185333] , [ 0.0831618   0.07861518  0.83822302] , [  1.50764438e-06   6.17212290e-02   9.38277263e-01] , [ 0.08393096  0.09719241  0.81887663] , [ 0.88604376  0.1099303   0.00402593] , [  9.28063090e-01   7.19277023e-02   9.20738296e-06] , [ 0.9417441   0.05269259  0.00556331] , [ 0.01271534  0.0614259   0.92585875] , [ 0.43904135  0.10265735  0.4583013 ] , [ 0.91196388  0.0838202   0.00421592] , [  9.44544761e-01   5.45479742e-02   9.07265109e-04] , [ 0.84369146  0.09526417  0.06104438] , [ 0.89802022  0.06754438  0.0344354 ] , [ 0.06584421  0.08059475  0.85356104] , [  9.02267783e-01   9.76789755e-02   5.32413537e-05] , [  9.42704830e-01   5.72245279e-02   7.06416652e-05] , [ 0.00125263  0.0905904   0.90815698] , [ 0.84358654  0.07695575  0.07945771] , [ 0.08504188  0.05858823  0.85636989] , [  9.41259965e-01   5.81526986e-02   5.87336882e-04] , [ 0.00122767  0.06549309  0.93327924] , [ 0.58458803  0.07998947  0.33542251] , [  9.09137905e-01   9.08521687e-02   9.92659290e-06] , [ 0.01294131  0.09879113  0.88826757] , [ 0.64080797  0.11556322  0.24362881] , [  9.18306591e-01   8.09973231e-02   6.96085964e-04] , [  9.17675694e-01   8.23183958e-02   5.91022470e-06] , [  9.24647967e-01   7.48912094e-02   4.60823542e-04] , [ 0.46840018  0.10761671  0.4239831 ] , [ 0.86553385  0.06851477  0.06595138] , [ 0.59255673  0.10746972  0.29997355] , [ 0.00496788  0.06164614  0.93338598] , [ 0.94738287  0.04633516  0.00628197] , [ 0.86629766  0.08875588  0.04494646] , [ 0.0116327   0.10922865  0.87913865] , [ 0.00631366  0.0625952   0.93109114] , [ 0.89488256  0.09642848  0.00868896] , [ 0.00865076  0.05269032  0.93865893] , [  1.68502431e-06   6.50210552e-02   9.34977260e-01] , [ 0.94369863  0.05005984  0.00624154] , [ 0.88992438  0.06673889  0.04333672] , [ 0.09539714  0.11008628  0.79451658] , [ 0.09638345  0.07792575  0.8256908 ] , [ 0.91785563  0.07305719  0.00908718] , [ 0.07669485  0.06853949  0.85476565] , [ 0.92745151  0.06509665  0.00745184] , [ 0.00705954  0.06602301  0.92691744] , [ 0.87989102  0.07293871  0.04717027] , [ 0.09691885  0.09613307  0.80694808] , [ 0.08600726  0.07308075  0.84091198] , [ 0.93601542  0.05788183  0.00610275] , [ 0.05855974  0.08813409  0.85330618] , [ 0.85699755  0.07870111  0.06430134] , [ 0.83635148  0.12201127  0.04163725] , [ 0.61765406  0.1115369   0.27080905] , [  1.36889204e-04   6.89655824e-02   9.30897528e-01] , [  9.51131321e-01   4.87693848e-02   9.92937992e-05] , [ 0.89412199  0.07566603  0.03021198] , [ 0.91428973  0.07917907  0.0065312 ] , [  1.91404324e-05   6.23080210e-02   9.37672839e-01] , [  9.04303653e-01   9.55951436e-02   1.01203209e-04] , [ 0.04467321  0.04951675  0.90581004] , [ 0.40694146  0.09165523  0.50140331] , [ 0.10812406  0.10205811  0.78981783] , [ 0.86914553  0.07958149  0.05127298] , [  9.30611499e-01   6.93027870e-02   8.57136567e-05] , [ 0.92782726  0.06781636  0.00435638] , [ 0.86105013  0.08188646  0.05706341] , [ 0.80025075  0.07971828  0.12003096] , [  9.45549932e-01   5.38590536e-02   5.91014706e-04] , [ 0.5719179   0.11474925  0.31333286] , [ 0.00620795  0.06852212  0.92526993] , [  8.97526204e-01   1.01725221e-01   7.48575844e-04] , [ 0.50405824  0.08358482  0.41235694] , [ 0.54937707  0.13722355  0.31339937] , [ 0.14043902  0.08850059  0.77106039] , [ 0.6136473   0.09442016  0.29193254] , [ 0.89340884  0.07252931  0.03406186] , [ 0.92673869  0.06724827  0.00601304] , [ 0.91108256  0.0831008   0.00581664] , [  9.27047684e-01   7.23815656e-02   5.70750105e-04] , [  9.03294168e-01   9.66324276e-02   7.34047566e-05] , [ 0.0111453   0.06352274  0.92533196] , [  9.35538960e-01   6.38165376e-02   6.44502270e-04] , [ 0.92620456  0.06898471  0.00481073] , [  8.53981029e-04   5.17720917e-02   9.47373927e-01] , [ 0.05244197  0.08329349  0.86426454] , [ 0.87269846  0.09875249  0.02854905] , [ 0.33590119  0.09338606  0.57071275] , [ 0.6628834  0.1014564  0.2356602] , [  9.34991429e-01   6.45410325e-02   4.67538913e-04] , [ 0.00119478  0.04656398  0.95224124] , [ 0.12047375  0.10830964  0.77121662] , [  1.35011513e-05   5.84306023e-02   9.41555897e-01] , [  8.95745048e-01   1.03861235e-01   3.93717585e-04] , [  9.18306660e-01   8.16001075e-02   9.32327939e-05] , [ 0.09778838  0.0675125   0.83469913] , [  8.05706110e-04   7.41691950e-02   9.25025099e-01] , [ 0.450727    0.12140072  0.42787228] , [ 0.08409791  0.06793921  0.84796289] , [ 0.10791513  0.08308553  0.80899935] , [  9.12287748e-01   8.76685244e-02   4.37273321e-05] , [ 0.06733347  0.08651885  0.84614768] , [ 0.00100501  0.08204718  0.91694781] , [ 0.88425585  0.10808887  0.00765528] , [ 0.87116085  0.06029123  0.06854792] , [ 0.5058874  0.0891083  0.4050043] , [ 0.41866075  0.07552605  0.5058132 ] , [ 0.00540282  0.06027442  0.93432276] , [ 0.01042889  0.10405595  0.88551516] , [ 0.8887996   0.08468806  0.02651234] , [ 0.00153863  0.05605506  0.94240632] , [ 0.92271036  0.07621313  0.00107651] , [  9.14641797e-01   8.53568612e-02   1.34203682e-06] , [ 0.00533676  0.05087683  0.94378641] , [ 0.8889504   0.08116965  0.02987995] , [  9.41322221e-01   5.85991256e-02   7.86539037e-05] , [ 0.88217209  0.07599347  0.04183444] , [ 0.87654591  0.06271163  0.06074246] , [ 0.48442384  0.08918004  0.42639613] , [  9.17416142e-01   8.25162252e-02   6.76332516e-05] , [  9.39621703e-01   6.03152531e-02   6.30439103e-05] , [ 0.00109833  0.06215622  0.93674545] , [  9.19178454e-01   8.06930258e-02   1.28520615e-04] , [  1.73395331e-05   6.99123583e-02   9.30070302e-01] , [ 0.90190776  0.09437177  0.00372047] , [  9.38548011e-01   6.14508554e-02   1.13332674e-06] , [  1.71231858e-05   5.91269588e-02   9.40855918e-01] , [  1.42071509e-04   8.72667256e-02   9.12591203e-01] , [ 0.07558739  0.05474402  0.86966859] , [  1.06452143e-05   5.77415397e-02   9.42247815e-01] , [  9.53282516e-01   4.58866616e-02   8.30822251e-04] , [ 0.5930222   0.10110465  0.30587315] , [ 0.11009357  0.08911085  0.80079558] , [ 0.89786625  0.05781727  0.04431648] , [ 0.9095502   0.08242597  0.00802384] , [ 0.09842814  0.08366438  0.81790748] , [  2.63012920e-08   6.20088463e-02   9.37991127e-01] , [ 0.86141538  0.07345677  0.06512785] , [ 0.53508655  0.08746018  0.37745326] , [ 0.06785661  0.07468613  0.85745727] , [  9.31096003e-01   6.80217191e-02   8.82277500e-04] , [ 0.00854955  0.04442354  0.94702691] , [ 0.92483182  0.07128638  0.0038818 ] , [ 0.88545814  0.10898944  0.00555242] , [ 0.01153052  0.08038266  0.90808683] , [  9.35260674e-01   6.47383150e-02   1.01123008e-06] , [ 0.0100463   0.07085374  0.91909996] , [  1.40511613e-05   7.44212228e-02   9.25564726e-01] , [ 0.93593339  0.05643631  0.00763031] , [ 0.06535506  0.09324586  0.84139908] , [  9.18591347e-01   8.14005059e-02   8.14710889e-06] , [ 0.46950759  0.07460318  0.45588923] , [ 0.00096759  0.0646843   0.9343481 ] , [ 0.01144991  0.06846341  0.92008668] , [  9.25296718e-01   7.40679882e-02   6.35294009e-04] , [  9.41219745e-04   4.59542566e-02   9.53104524e-01] , [  9.33406949e-01   6.60725417e-02   5.20509466e-04] , [  9.13688486e-01   8.63105401e-02   9.73525259e-07] , [  9.14164435e-01   8.57524631e-02   8.31018719e-05] , [  1.07941894e-04   6.81671175e-02   9.31724941e-01] , [  9.24038543e-01   7.58674912e-02   9.39660126e-05] , [  9.17611518e-01   8.18835824e-02   5.04899280e-04] , [ 0.00111122  0.07338039  0.92550839] , [ 0.56566718  0.10334842  0.3309844 ] , [  1.71441277e-04   5.90097422e-02   9.40818816e-01] , [ 0.93524335  0.05983213  0.00492452] , [ 0.00157483  0.07816257  0.9202626 ] , [  1.58582685e-04   9.16486521e-02   9.08192765e-01] , [  8.28086211e-05   4.79273350e-02   9.51989856e-01] , [ 0.00121205  0.05532264  0.9434653 ] , [ 0.01281001  0.07227657  0.91491341] , [  9.23628597e-01   7.63703019e-02   1.10083458e-06] , [ 0.00731346  0.08354057  0.90914597] , [ 0.43666772  0.0708328   0.49249948] , [ 0.93958143  0.0554596   0.00495897] , [  1.25919723e-04   7.05739062e-02   9.29300174e-01] , [ 0.5034622   0.14805091  0.3484869 ] , [ 0.85281453  0.06336288  0.08382259] , [ 0.92691349  0.06960061  0.0034859 ] , [ 0.00614117  0.05801849  0.93584034] , [ 0.83253117  0.07923917  0.08822966] , [ 0.90936117  0.08946958  0.00116924] , [ 0.08704002  0.06312519  0.84983479] , [  2.38528485e-07   6.94244634e-02   9.30575298e-01] , [ 0.82811947  0.07122743  0.1006531 ] , [ 0.45151321  0.12875198  0.41973481] , [ 0.00139382  0.06295054  0.93565564] , [  1.35166803e-04   5.83083767e-02   9.41556456e-01] , [  1.19001656e-05   6.08582354e-02   9.39129864e-01] , [ 0.93754142  0.06134975  0.00110883] , [  2.13465843e-07   6.59350512e-02   9.34064735e-01] , [ 0.04097737  0.06912291  0.88989972] , [ 0.39026454  0.07643259  0.53330287] , [ 0.07520302  0.09170607  0.83309091] , [ 0.9134923   0.08519552  0.00131218] , [ 0.47216168  0.07966116  0.44817717] , [  9.53145339e-05   5.46439135e-02   9.45260772e-01] , [ 0.40013944  0.06263488  0.53722568] , [ 0.05915218  0.06526392  0.8755839 ] , [ 0.00789243  0.06961936  0.92248821] , [ 0.90639155  0.08646341  0.00714504] , [  9.34884305e-01   6.50530700e-02   6.26251996e-05] , [ 0.07595998  0.07939732  0.8446427 ] , [ 0.85549084  0.1099722   0.03453696] , [  9.08139571e-01   9.18532284e-02   7.20039877e-06] , [  1.93713841e-05   7.35768036e-02   9.26403825e-01] , [  1.88793595e-05   5.25524531e-02   9.47428668e-01] , [ 0.00874242  0.06230027  0.92895732] , [ 0.0579316   0.05183072  0.89023767] , [ 0.88808723  0.08838304  0.02352973] , [ 0.92397167  0.07067105  0.00535728] , [ 0.56543718  0.09716571  0.33739711] , [ 0.9456111   0.04878899  0.00559991] , [  9.18962575e-01   8.10372934e-02   1.31583056e-07] , [ 0.45552516  0.0905794   0.45389544] , [ 0.83923036  0.08237168  0.07839796] , [ 0.93152751  0.06241379  0.0060587 ] , [ 0.0011516   0.09257818  0.90627023] , [ 0.88089364  0.06527067  0.05383569] , [  9.22756919e-01   7.72422826e-02   7.98633827e-07] , [ 0.92989519  0.06619327  0.00391155] , [ 0.42274452  0.11591812  0.46133736] , [ 0.48619533  0.09501428  0.41879039] , [ 0.38686852  0.07147506  0.54165642] , [  1.73601532e-04   6.97739590e-02   9.30052439e-01] , [  9.50841280e-01   4.84169772e-02   7.41743095e-04] , [  9.31442652e-01   6.85014808e-02   5.58668662e-05] , [ 0.06673034  0.05966421  0.87360545] , [  9.23442884e-01   7.65445201e-02   1.25962480e-05] , [  1.31096121e-06   5.42415498e-02   9.45757139e-01] , [ 0.86412186  0.08523607  0.05064207] ]
log_loss: 0.390995713922 

------------ 		SVC         ------------
Predict Proba:
 [ 0.87363898  0.10490207  0.02145895] , [ 0.01908237  0.11135269  0.86956494] , [ 0.47072583  0.30996336  0.21931081] , [ 0.97333115  0.02406058  0.00260827] , [ 0.34003329  0.20322133  0.45674537] , [ 0.04884215  0.18219167  0.76896618] , [ 0.90060859  0.09663111  0.0027603 ] , [ 0.86412624  0.13043193  0.00544183] , [ 0.98458916  0.01432185  0.00108899] , [ 0.00529447  0.0379413   0.95676423] , [  5.96419416e-05   9.09469645e-03   9.90845662e-01] , [ 0.00765796  0.12220291  0.87013912] , [ 0.43389589  0.53187342  0.03423069] , [ 0.00565386  0.0307092   0.96363693] , [ 0.50706535  0.46802325  0.0249114 ] , [ 0.15676498  0.23659764  0.60663738] , [ 0.00494009  0.02507833  0.96998158] , [ 0.68202329  0.2092545   0.10872221] , [ 0.38883565  0.13985625  0.4713081 ] , [ 0.6070343  0.049653   0.3433127] , [ 0.01116034  0.04631723  0.94252243] , [ 0.03214227  0.3215124   0.64634533] , [ 0.89264991  0.1041165   0.00323359] , [ 0.93843347  0.05169375  0.00987278] , [ 0.97199711  0.02655495  0.00144794] , [ 0.00336588  0.01809327  0.97854084] , [ 0.23010235  0.45611624  0.31378141] , [  9.58013904e-01   4.15336867e-02   4.52409643e-04] , [ 0.98121963  0.01775771  0.00102266] , [ 0.75433774  0.23671622  0.00894605] , [ 0.83516937  0.13744259  0.02738804] , [ 0.00598794  0.10486339  0.88914867] , [  9.72507924e-01   2.65453551e-02   9.46720485e-04] , [ 0.96160308  0.03306293  0.00533399] , [ 0.01382739  0.05951527  0.92665734] , [ 0.54464969  0.17900254  0.27634777] , [ 0.01927784  0.09111072  0.88961144] , [ 0.98544381  0.01282788  0.00172831] , [ 0.00194211  0.00926447  0.98879342] , [ 0.48553448  0.18422157  0.33024394] , [ 0.94673917  0.04870444  0.00455638] , [ 0.01226578  0.09702547  0.89070875] , [ 0.34072167  0.30423509  0.35504325] , [ 0.97290113  0.02550551  0.00159336] , [ 0.95517816  0.03847518  0.00634666] , [ 0.97101822  0.02697341  0.00200837] , [ 0.243613    0.39339656  0.36299044] , [ 0.82013826  0.14663327  0.03322847] , [ 0.61010063  0.26521222  0.12468715] , [ 0.00784306  0.04913231  0.94302463] , [ 0.91795726  0.07988402  0.00215871] , [ 0.96830565  0.02738801  0.00430634] , [ 0.00515174  0.03746409  0.95738417] , [ 0.01023148  0.03254748  0.95722104] , [ 0.90337996  0.08400566  0.01261439] , [ 0.00329056  0.01807284  0.9786366 ] , [ 0.01180507  0.04910798  0.93908696] , [ 0.96379649  0.03450736  0.00169616] , [ 0.71083853  0.24733537  0.0418261 ] , [ 0.0521327   0.50835042  0.43951689] , [ 0.0048795   0.01763007  0.97749043] , [ 0.89306019  0.07026558  0.03667423] , [ 0.17419569  0.28475461  0.54104969] , [ 0.92645018  0.06413513  0.00941469] , [  2.28801183e-04   1.96235425e-02   9.80147656e-01] , [ 0.87659235  0.09820998  0.02519767] , [ 0.10401343  0.59641515  0.29957141] , [ 0.01487927  0.08099498  0.90412575] , [ 0.93233583  0.05897685  0.00868732] , [ 0.01433446  0.10320262  0.88246292] , [ 0.94639569  0.04786825  0.00573606] , [ 0.71974522  0.22883391  0.05142087] , [ 0.38092309  0.32394166  0.29513525] , [ 0.00276988  0.01473924  0.98249088] , [ 0.93824673  0.04772438  0.0140289 ] , [ 0.69378807  0.18787812  0.11833381] , [  9.59909230e-01   3.93848561e-02   7.05913756e-04] , [ 0.00526971  0.02454969  0.9701806 ] , [ 0.94788442  0.04868607  0.00342951] , [ 0.05175687  0.28043213  0.667811  ] , [ 0.02886583  0.14220766  0.82892651] , [ 0.05263981  0.47865498  0.46870521] , [ 0.97066211  0.02431252  0.00502537] , [ 0.97254889  0.02564333  0.00180778] , [ 0.9254955   0.06838719  0.00611731] , [ 0.75623238  0.2357556   0.00801202] , [ 0.67068123  0.21602208  0.11329669] , [ 0.92326471  0.06621951  0.01051578] , [ 0.75916972  0.14663212  0.09419815] , [  9.92191833e-05   1.12065540e-02   9.88694227e-01] , [  9.71265423e-01   2.80584534e-02   6.76123186e-04] , [ 0.44090912  0.23942887  0.31966201] , [ 0.28166767  0.4406127   0.27771963] , [ 0.0585822   0.43614645  0.50527134] , [ 0.28029637  0.14275437  0.57694926] , [ 0.48527484  0.08563781  0.42908736] , [ 0.96414511  0.03411937  0.00173552] , [  9.36750271e-01   6.28467973e-02   4.02932198e-04] , [ 0.97899404  0.01830281  0.00270315] , [  9.78308757e-01   2.12141780e-02   4.77065161e-04] , [ 0.0045346   0.01934182  0.97612358] , [ 0.93419325  0.05521899  0.01058776] , [ 0.97423017  0.02167965  0.00409017] , [ 0.00154652  0.02151458  0.97693889] , [ 0.13949567  0.12434963  0.7361547 ] , [ 0.70595335  0.25966092  0.03438574] , [ 0.58261944  0.22368378  0.19369677] , [ 0.1043967  0.2570437  0.6385596] , [ 0.93267624  0.05662361  0.01070016] , [ 0.00827556  0.05935141  0.93237302] , [ 0.04461051  0.2071243   0.74826519] , [ 0.00378317  0.02240471  0.97381213] , [ 0.93961989  0.05740748  0.00297263] , [ 0.96072704  0.03756109  0.00171188] , [ 0.00392151  0.02144647  0.97463202] , [ 0.00915909  0.03061107  0.96022984] , [ 0.42935751  0.16825121  0.40239128] , [ 0.15105257  0.04697279  0.80197464] , [ 0.24167025  0.10950683  0.64882292] , [ 0.96275905  0.03324113  0.00399982] , [ 0.08543356  0.06334439  0.85122205] , [  9.56084135e-05   1.18688692e-02   9.88035522e-01] , [ 0.93163812  0.06281166  0.00555022] , [ 0.94009535  0.05568043  0.00422421] , [ 0.70932194  0.20196764  0.08871042] , [ 0.42492332  0.2359265   0.33915018] , [ 0.00447286  0.03458631  0.96094083] , [ 0.00335551  0.03654026  0.96010422] , [ 0.68496588  0.13185323  0.18318089] , [ 0.0080054   0.04295138  0.94904322] , [ 0.9278601   0.05962441  0.01251549] , [ 0.89199923  0.08882322  0.01917755] , [ 0.00923457  0.05813236  0.93263307] , [ 0.82992504  0.0736574   0.09641756] , [ 0.96714051  0.02914038  0.00371911] , [ 0.96051257  0.03196273  0.00752471] , [ 0.91468788  0.07748301  0.00782911] , [ 0.8991151   0.06500501  0.03587989] , [  9.77615538e-01   2.18139837e-02   5.70478029e-04] , [ 0.88688568  0.08722192  0.0258924 ] , [  4.68620231e-05   6.55677491e-03   9.93396363e-01] , [ 0.92362233  0.06566036  0.01071731] , [ 0.00339738  0.02093945  0.97566317] , [ 0.94202269  0.05662076  0.00135655] , [ 0.92564682  0.05810813  0.01624504] , [ 0.00699449  0.03407906  0.95892645] , [  1.68330023e-04   1.24866402e-02   9.87345030e-01] , [ 0.04388582  0.3655901   0.59052409] , [ 0.00543371  0.03057731  0.96398898] , [ 0.96959819  0.02783813  0.00256368] , [ 0.55704866  0.13626267  0.30668868] , [ 0.02759649  0.12501261  0.8473909 ] , [ 0.83662375  0.13613691  0.02723934] , [ 0.8702106   0.12022882  0.00956058] , [ 0.0864968   0.21838657  0.69511663] , [ 0.05118781  0.11636028  0.8324519 ] , [ 0.77938707  0.17471043  0.0459025 ] , [ 0.60999553  0.07496377  0.3150407 ] , [ 0.34492211  0.09161475  0.56346314] , [ 0.95577661  0.0389112   0.00531218] , [ 0.00692555  0.13107253  0.86200191] , [ 0.95523358  0.03730753  0.00745889] , [ 0.94606226  0.05239466  0.00154308] , [ 0.00636114  0.11080233  0.88283653] , [ 0.93850621  0.04998823  0.01150556] , [ 0.00151386  0.01257903  0.9859071 ] , [ 0.00768838  0.02978503  0.96252659] , [ 0.96790025  0.02841141  0.00368833] , [ 0.01044157  0.07584446  0.91371397] , [ 0.956353    0.03882356  0.00482344] , [ 0.58276541  0.21289268  0.20434191] , [ 0.00246882  0.01403414  0.98349704] , [ 0.00516066  0.03507401  0.95976532] , [  9.75768570e-01   2.36932245e-02   5.38205386e-04] , [ 0.00207437  0.03080708  0.96711855] , [ 0.97469152  0.02284497  0.00246351] , [ 0.93056895  0.0588766   0.01055446] , [ 0.96539644  0.03278854  0.00181502] , [ 0.00267363  0.01834956  0.9789768 ] , [ 0.95368239  0.04088711  0.0054305 ] , [ 0.97881859  0.01991159  0.00126982] , [  9.19705376e-05   1.11049326e-02   9.88803097e-01] , [ 0.64741275  0.20794256  0.1446447 ] , [ 0.00436583  0.0229318   0.97270236] , [ 0.95137051  0.04496879  0.0036607 ] , [ 0.00499474  0.02780826  0.96719699] , [ 0.00254063  0.02181342  0.97564595] , [ 0.00473885  0.03199188  0.96326927] , [ 0.00164896  0.01052365  0.9878274 ] , [ 0.00242835  0.01795915  0.9796125 ] , [ 0.91748334  0.06760789  0.01490876] , [ 0.00813426  0.02771095  0.96415479] , [ 0.66120547  0.28102401  0.05777052] , [ 0.96614611  0.02895985  0.00489404] , [ 0.0043763   0.0197608   0.97586291] , [ 0.2049612   0.19438532  0.60065348] , [ 0.78727577  0.16040421  0.05232002] , [ 0.92008068  0.07109924  0.00882008] , [ 0.00160956  0.02065119  0.97773925] , [ 0.89706279  0.08716255  0.01577466] , [ 0.91465526  0.06985373  0.01549101] , [ 0.04968194  0.19287722  0.75744084] , [ 0.02872776  0.08410743  0.88716481] , [ 0.58516025  0.15396012  0.26087963] , [ 0.39335351  0.20925726  0.39738923] , [ 0.00168034  0.01152191  0.98679774] , [ 0.00173158  0.00946068  0.98880774] , [ 0.00613605  0.03192171  0.96194224] , [ 0.96687657  0.0295872   0.00353623] , [ 0.02986196  0.08143666  0.88870139] , [ 0.31339213  0.2194537   0.46715417] , [ 0.76426328  0.16701323  0.0687235 ] , [ 0.03910226  0.35202503  0.60887271] , [ 0.88964389  0.09123925  0.01911686] , [ 0.75964268  0.19895384  0.04140348] , [ 0.0016153   0.01601139  0.98237331] , [ 0.33075136  0.52140955  0.14783909] , [ 0.28620274  0.15937508  0.55442218] , [ 0.00149706  0.01823628  0.98026666] , [ 0.94627321  0.04908517  0.00464162] , [ 0.97516272  0.02105821  0.00377907] , [ 0.07702379  0.26533843  0.65763778] , [ 0.73275957  0.25706311  0.01017732] , [ 0.96583071  0.03173931  0.00242998] , [ 0.00574823  0.02876381  0.96548797] , [ 0.01492416  0.05400809  0.93106775] , [ 0.00517403  0.01454822  0.98027776] , [ 0.06031349  0.41898394  0.52070257] , [ 0.55015702  0.36036926  0.08947372] , [ 0.95132916  0.04736542  0.00130542] , [ 0.20840711  0.19701925  0.59457363] , [ 0.88944833  0.10281194  0.00773973] , [ 0.88733966  0.08948034  0.02318   ] , [ 0.55141297  0.30500648  0.14358055] , [ 0.63895721  0.25750116  0.10354163] , [ 0.97288492  0.02463936  0.00247572] , [ 0.00132982  0.01417975  0.98449043] , [ 0.95615672  0.03542623  0.00841705] , [ 0.9266771   0.05972569  0.01359721] , [ 0.93696231  0.05179637  0.01124132] , [ 0.32156978  0.29634714  0.38208308] , [ 0.24178036  0.34320346  0.41501618] , [ 0.27619101  0.26171725  0.46209174] , [ 0.00295639  0.01646601  0.9805776 ] , [  9.84231637e-01   1.52368933e-02   5.31470135e-04] , [ 0.95037275  0.04167204  0.00795521] , [ 0.12388441  0.36332917  0.51278641] , [ 0.93159662  0.05879259  0.00961079] , [ 0.01705523  0.06300256  0.91994221] , [ 0.84742505  0.14313594  0.00943901] ]
log_loss: 0.323121270462 

------------ LogisticRegression ------------
Predict Proba:
 [ 1.  0.  0.] , [ 0.1  0.1  0.8] , [ 0.2  0.2  0.6] , [ 0.8  0.2  0. ] , [ 0.3  0.1  0.6] , [ 0.1  0.1  0.8] , [ 0.6  0.4  0. ] , [ 1.  0.  0.] , [ 1.  0.  0.] , [ 0.1  0.1  0.8] , [ 0.1  0.   0.9] , [ 0.1  0.2  0.7] , [ 0.8  0.2  0. ] , [ 0.  0.  1.] , [ 0.6  0.3  0.1] , [ 0.2  0.1  0.7] , [ 0.  0.  1.] , [ 0.3  0.3  0.4] , [ 0.5  0.   0.5] , [ 0.4  0.   0.6] , [ 0.  0.  1.] , [ 0.  0.  1.] , [ 0.7  0.2  0.1] , [ 1.  0.  0.] , [ 1.  0.  0.] , [ 0.  0.  1.] , [ 0.7  0.1  0.2] , [ 0.9  0.1  0. ] , [ 1.  0.  0.] , [ 0.7  0.3  0. ] , [ 1.  0.  0.] , [ 0.2  0.   0.8] , [ 1.  0.  0.] , [ 1.  0.  0.] , [ 0.  0.  1.] , [ 0.1  0.4  0.5] , [ 0.1  0.4  0.5] , [ 1.  0.  0.] , [ 0.  0.  1.] , [ 0.9  0.   0.1] , [ 1.  0.  0.] , [ 0.   0.1  0.9] , [ 0.2  0.2  0.6] , [ 1.  0.  0.] , [ 1.  0.  0.] , [ 0.9  0.   0.1] , [ 0.3  0.   0.7] , [ 0.5  0.3  0.2] , [ 0.8  0.1  0.1] , [ 0.  0.  1.] , [ 0.8  0.   0.2] , [ 0.9  0.   0.1] , [ 0.  0.  1.] , [ 0.2  0.   0.8] , [ 0.9  0.1  0. ] , [ 0.   0.2  0.8] , [ 0.  0.  1.] , [ 1.  0.  0.] , [ 0.4  0.3  0.3] , [ 0.4  0.4  0.2] , [ 0.2  0.   0.8] , [ 0.4  0.4  0.2] , [ 0.1  0.2  0.7] , [ 0.8  0.   0.2] , [ 0.  0.  1.] , [ 0.8  0.   0.2] , [ 0.1  0.6  0.3] , [ 0.2  0.1  0.7] , [ 1.  0.  0.] , [ 0.1  0.   0.9] , [ 1.  0.  0.] , [ 0.3  0.2  0.5] , [ 0.4  0.2  0.4] , [ 0.  0.  1.] , [ 1.  0.  0.] , [ 0.7  0.2  0.1] , [ 1.  0.  0.] , [ 0.  0.  1.] , [ 1.  0.  0.] , [ 0.   0.3  0.7] , [ 0.2  0.1  0.7] , [ 0.1  0.7  0.2] , [ 1.  0.  0.] , [ 1.  0.  0.] , [ 1.  0.  0.] , [ 1.  0.  0.] , [ 0.4  0.5  0.1] , [ 0.9  0.1  0. ] , [ 0.5  0.4  0.1] , [ 0.  0.  1.] , [ 1.  0.  0.] , [ 0.6  0.1  0.3] , [ 0.5  0.   0.5] , [ 0.1  0.2  0.7] , [ 0.6  0.1  0.3] , [ 0.2  0.   0.8] , [ 1.  0.  0.] , [ 1.  0.  0.] , [ 1.  0.  0.] , [ 1.  0.  0.] , [ 0.1  0.2  0.7] , [ 1.  0.  0.] , [ 1.  0.  0.] , [ 0.   0.1  0.9] , [ 0.3  0.1  0.6] , [ 0.3  0.3  0.4] , [ 0.6  0.   0.4] , [ 0.4  0.1  0.5] , [ 1.  0.  0.] , [ 0.  0.  1.] , [ 0.   0.4  0.6] , [ 0.  0.  1.] , [ 1.  0.  0.] , [ 1.  0.  0.] , [ 0.  0.  1.] , [ 0.  0.  1.] , [ 0.6  0.   0.4] , [ 0.7  0.   0.3] , [ 0.3  0.2  0.5] , [ 1.  0.  0.] , [ 0.5  0.   0.5] , [ 0.  0.  1.] , [ 1.  0.  0.] , [ 0.9  0.   0.1] , [ 0.5  0.   0.5] , [ 0.5  0.1  0.4] , [ 0.   0.1  0.9] , [ 0.1  0.4  0.5] , [ 0.6  0.1  0.3] , [ 0.   0.1  0.9] , [ 0.8  0.2  0. ] , [ 1.  0.  0.] , [ 0.   0.1  0.9] , [ 0.8  0.1  0.1] , [ 1.  0.  0.] , [ 1.  0.  0.] , [ 0.7  0.1  0.2] , [ 0.6  0.   0.4] , [ 1.  0.  0.] , [ 0.9  0.1  0. ] , [ 0.  0.  1.] , [ 0.9  0.1  0. ] , [ 0.  0.  1.] , [ 0.9  0.   0.1] , [ 1.  0.  0.] , [ 0.  0.  1.] , [ 0.  0.  1.] , [ 0.1  0.6  0.3] , [ 0.  0.  1.] , [ 1.  0.  0.] , [ 0.6  0.   0.4] , [ 0.2  0.   0.8] , [ 1.  0.  0.] , [ 0.7  0.3  0. ] , [ 0.3  0.4  0.3] , [ 0.  0.  1.] , [ 0.6  0.   0.4] , [ 0.7  0.   0.3] , [ 0.3  0.   0.7] , [ 1.  0.  0.] , [ 0.1  0.5  0.4] , [ 0.7  0.2  0.1] , [ 1.  0.  0.] , [ 0.   0.2  0.8] , [ 1.  0.  0.] , [ 0.  0.  1.] , [ 0.  0.  1.] , [ 0.9  0.   0.1] , [ 0.  0.  1.] , [ 1.  0.  0.] , [ 0.3  0.1  0.6] , [ 0.  0.  1.] , [ 0.   0.1  0.9] , [ 1.  0.  0.] , [ 0.1  0.1  0.8] , [ 1.  0.  0.] , [ 1.  0.  0.] , [ 1.  0.  0.] , [ 0.  0.  1.] , [ 1.  0.  0.] , [ 1.  0.  0.] , [ 0.  0.  1.] , [ 0.7  0.1  0.2] , [ 0.  0.  1.] , [ 1.  0.  0.] , [ 0.  0.  1.] , [ 0.  0.  1.] , [ 0.  0.  1.] , [ 0.  0.  1.] , [ 0.2  0.   0.8] , [ 1.  0.  0.] , [ 0.  0.  1.] , [ 0.6  0.   0.4] , [ 1.  0.  0.] , [ 0.  0.  1.] , [ 0.1  0.1  0.8] , [ 0.4  0.4  0.2] , [ 1.  0.  0.] , [ 0.  0.  1.] , [ 1.  0.  0.] , [ 0.9  0.1  0. ] , [ 0.1  0.1  0.8] , [ 0.  0.  1.] , [ 0.3  0.2  0.5] , [ 0.5  0.   0.5] , [ 0.  0.  1.] , [ 0.  0.  1.] , [ 0.  0.  1.] , [ 1.  0.  0.] , [ 0.  0.  1.] , [ 0.5  0.   0.5] , [ 0.8  0.   0.2] , [ 0.2  0.6  0.2] , [ 0.9  0.1  0. ] , [ 0.9  0.1  0. ] , [ 0.1  0.   0.9] , [ 0.3  0.1  0.6] , [ 0.8  0.   0.2] , [ 0.1  0.   0.9] , [ 1.  0.  0.] , [ 1.  0.  0.] , [ 0.3  0.2  0.5] , [ 0.7  0.2  0.1] , [ 1.  0.  0.] , [ 0.  0.  1.] , [ 0.  0.  1.] , [ 0.1  0.   0.9] , [ 0.1  0.2  0.7] , [ 0.6  0.1  0.3] , [ 1.  0.  0.] , [ 0.4  0.   0.6] , [ 0.9  0.1  0. ] , [ 1.  0.  0.] , [ 0.8  0.   0.2] , [ 0.7  0.2  0.1] , [ 0.9  0.   0.1] , [ 0.  0.  1.] , [ 0.9  0.   0.1] , [ 1.  0.  0.] , [ 1.  0.  0.] , [ 0.4  0.6  0. ] , [ 0.3  0.   0.7] , [ 0.1  0.2  0.7] , [ 0.  0.  1.] , [ 1.  0.  0.] , [ 1.  0.  0.] , [ 0.4  0.3  0.3] , [ 1.  0.  0.] , [ 0.  0.  1.] , [ 0.6  0.2  0.2] ]
log_loss: 2.26177922343 

