------------ LogisticRegression ------------
Predict Proba:
 [  8.32893592e-01   1.08191489e-01   6.09568647e-13   4.01840584e-02
   1.59297326e-03   2.94959334e-07   1.71375920e-02] , [  7.01442890e-01   2.98754683e-03   6.40010403e-11   1.91662855e-03
   9.52851791e-04   3.71038751e-11   2.92700083e-01] , [  1.01226513e-01   3.10633440e-02   2.69827087e-13   2.88904557e-02
   1.70470458e-01   8.62829484e-10   6.68349229e-01] , [  6.75943739e-01   2.58130720e-03   2.00657108e-17   3.86762585e-03
   1.07871399e-01   6.33189214e-07   2.09735296e-01] , [  2.04890323e-02   6.94645173e-02   3.78214562e-16   6.94579186e-02
   4.41996216e-01   2.22902277e-08   3.98592293e-01] , [  7.68068865e-01   2.22303946e-01   1.83693596e-11   4.10667864e-03
   1.31371499e-03   8.50226561e-09   4.20678658e-03] , [  8.09108594e-04   4.56238183e-01   2.51908513e-12   5.09207274e-01
   2.71345067e-03   1.26526447e-08   3.10319706e-02] , [  6.40044395e-07   1.10193858e-03   8.79603707e-06   1.59471124e-01
   1.38611107e-01   6.97364875e-01   3.44151988e-03] , [  5.06313178e-01   1.65122965e-03   1.52117726e-17   5.96722813e-03
   1.54644321e-01   1.67109170e-07   3.31423877e-01] , [  3.25646559e-01   4.95724058e-01   2.50728473e-11   9.77867771e-02
   4.98652159e-03   3.88945675e-10   7.58560834e-02] , [  2.23349345e-01   7.10809628e-01   6.79556756e-12   2.90385368e-03
   5.28810348e-02   4.85620027e-12   1.00561384e-02] , [  6.60738463e-01   2.77199332e-01   4.34748325e-12   1.58633746e-02
   7.75950428e-03   2.32288173e-10   3.84393258e-02] , [  8.84743412e-01   7.22723246e-03   1.84051197e-16   1.26745588e-02
   4.93865225e-02   5.85510811e-03   4.01131663e-02] , [  8.42139170e-01   5.02191547e-02   4.34359624e-14   2.43483982e-02
   8.28704846e-03   2.41151272e-08   7.50062046e-02] , [  7.88958210e-01   6.44453624e-02   1.77873836e-11   5.95725258e-03
   3.19102981e-03   2.51697504e-12   1.37448146e-01] , [  1.57293669e-03   6.58868745e-01   4.71812816e-10   3.21147700e-01
   1.82417314e-03   5.51046155e-10   1.65864439e-02] , [  2.68370585e-01   8.17362331e-02   4.92170712e-03   4.12636009e-02
   5.58138840e-04   3.28007622e-12   6.03149735e-01] , [  9.39858032e-02   1.81871591e-01   1.75737068e-09   9.67154818e-02
   2.02102583e-01   1.43924447e-06   4.25323099e-01] , [  6.62117587e-01   1.60708027e-01   1.32984403e-14   3.56742761e-03
   1.15835090e-01   2.45631453e-10   5.77718685e-02] , [  7.26808495e-01   6.85425838e-03   1.13066069e-13   5.04076658e-03
   4.28270868e-02   7.77611813e-08   2.18469315e-01] , [  7.82138512e-05   4.50028126e-01   6.91463441e-13   4.77738636e-01
   9.05139346e-03   6.24416010e-10   6.31036295e-02] , [  8.55951712e-01   8.46455955e-02   2.79498186e-13   6.44817678e-04
   2.54187561e-02   5.13667536e-11   3.33391186e-02] , [  8.88416834e-01   4.70915952e-02   5.52981826e-15   3.82039973e-02
   5.05270029e-03   1.33032643e-05   2.12215702e-02] , [  1.31852827e-01   8.24285136e-03   2.23364569e-13   7.46118419e-03
   2.26961743e-01   1.78947961e-10   6.25481394e-01] , [  8.08749266e-01   1.64571834e-01   8.88876821e-12   1.40673682e-03
   6.41487630e-03   3.52626642e-11   1.88572875e-02] , [  3.15525801e-01   1.09757053e-01   7.88202772e-13   2.20739713e-01
   6.98002827e-03   2.69712005e-09   3.46997402e-01] , [  8.54898900e-01   9.09146576e-02   1.13365180e-12   4.63404984e-03
   6.73621494e-03   2.94111432e-10   4.28161769e-02] , [  1.27494755e-01   5.16802128e-03   5.30781532e-21   5.18716081e-03
   5.17332167e-01   5.78020647e-09   3.44817890e-01] , [  2.04167857e-02   8.57159710e-01   6.62405385e-08   8.24647872e-02
   8.50287697e-04   1.28910938e-13   3.91083635e-02] , [  8.80427762e-01   6.36353966e-02   7.33756999e-14   3.38457939e-02
   2.43187732e-03   1.62959570e-06   1.96575406e-02] , [  2.05227583e-01   6.22022992e-01   2.25513609e-12   1.08469828e-01
   1.37196368e-02   3.84972889e-09   5.05599565e-02] , [  5.66981189e-03   1.44263480e-02   2.49943013e-16   2.52584819e-02
   6.34003876e-01   1.28873000e-05   3.20628595e-01] , [  6.96148859e-01   6.14414579e-02   8.08157789e-14   1.88531756e-01
   3.55850585e-03   1.67082917e-05   5.03027122e-02] , [  2.74708797e-01   1.54528186e-01   2.69130716e-13   1.11342421e-01
   8.17861365e-02   2.25799645e-08   3.77634438e-01] , [  3.18203771e-01   4.07135074e-01   1.71293362e-11   5.55423759e-02
   1.37715319e-02   2.08195319e-11   2.05347247e-01] , [  1.43867161e-02   6.74022222e-02   5.27832288e-14   3.47697044e-01
   7.23955922e-02   1.53288830e-07   4.98118272e-01] , [  5.58589459e-02   6.88277550e-01   3.57410206e-11   2.51322860e-01
   9.74176201e-04   1.86344098e-07   3.56628191e-03] , [  1.54544740e-03   5.88946430e-02   9.53547011e-17   3.69344726e-02
   6.48488134e-01   1.38287036e-07   2.54137164e-01] , [  7.32541162e-01   1.46671208e-01   1.17298940e-13   1.20014359e-02
   2.99162215e-02   5.73329102e-10   7.88699726e-02] , [  9.33423959e-03   5.54725075e-02   4.90057608e-11   7.11165240e-02
   3.28735753e-02   1.06185357e-12   8.31203154e-01] , [  9.06656854e-01   7.18567178e-02   8.55231436e-14   6.97693256e-03
   3.78569417e-03   6.24112041e-07   1.07231771e-02] , [  7.97241289e-01   1.82781542e-01   2.91843756e-11   1.83196740e-03
   3.23489455e-03   4.48120837e-11   1.49103077e-02] , [  1.67760092e-04   3.25666015e-03   4.83087508e-01   7.32683388e-03
   9.02240239e-03   4.97047730e-01   9.11062531e-05] , [  7.42519206e-04   5.42808798e-01   6.53348240e-13   4.15815294e-01
   9.29998009e-03   6.88114297e-09   3.13334017e-02] , [  7.61184174e-01   2.60320627e-02   4.53761131e-10   1.82062334e-03
   2.27320546e-02   2.08044346e-10   1.88231084e-01] , [  5.42897386e-02   8.90548955e-02   2.65096811e-16   1.18824993e-02
   5.73131027e-01   5.89878960e-10   2.71641839e-01] , [  8.16044466e-03   9.03070257e-02   3.55567876e-13   8.57618180e-02
   1.03096210e-01   1.63767244e-11   7.12674502e-01] , [  4.61389035e-01   3.40957691e-01   9.99675762e-13   4.00138480e-02
   2.90180295e-02   3.30410723e-10   1.28621396e-01] , [  7.12157755e-04   6.77785393e-01   4.09184729e-12   2.68140018e-01
   1.37993410e-02   1.59048570e-10   3.95630901e-02] , [  8.53356900e-01   3.54086847e-02   8.76026005e-11   1.57652984e-03
   3.06804994e-02   8.97581156e-09   7.89773769e-02] , [  7.79938947e-01   1.12507885e-01   1.81512358e-12   1.19035975e-02
   7.94477814e-03   1.04029582e-10   8.77047922e-02] , [  2.16747079e-02   9.42742872e-01   8.67965129e-06   7.05610365e-03
   1.53743243e-03   1.90090398e-17   2.69802046e-02] , [  1.36596869e-03   6.26802313e-01   5.99523577e-10   2.55711221e-01
   4.53518230e-03   4.54479557e-12   1.11585315e-01] , [  7.32877683e-01   1.94373567e-01   4.57472335e-10   2.95765925e-03
   2.80653105e-03   1.20391676e-13   6.69845592e-02] , [  6.34378192e-02   2.66787238e-02   1.22317602e-17   4.25294554e-02
   6.34425169e-01   1.15200834e-05   2.32917313e-01] , [  7.64179826e-01   4.14521623e-02   1.40305102e-14   2.05072905e-02
   2.16554670e-02   4.57297311e-09   1.52205250e-01] , [  8.14434655e-01   4.65226867e-02   3.59698980e-13   6.32281740e-03
   9.77886309e-03   8.38958684e-11   1.22940978e-01] , [  2.06138103e-01   7.56377183e-01   5.13816947e-08   3.62809234e-02
   3.69342731e-04   6.98274450e-10   8.34395982e-04] , [  8.73486321e-01   4.87795533e-02   2.95464649e-17   4.51640828e-03
   2.69006310e-02   1.26137547e-09   4.63170847e-02] , [  8.52163042e-01   9.53963615e-02   7.22276704e-14   4.10807674e-03
   1.70644631e-02   2.22992882e-09   3.12680546e-02] , [  5.60731912e-01   6.97880393e-02   8.59519911e-12   4.65983558e-02
   3.62599340e-03   2.29352153e-11   3.19255700e-01] , [  8.26226561e-01   4.86082531e-02   2.15222001e-13   3.93871452e-03
   1.45730254e-02   7.21593626e-11   1.06653446e-01] , [  7.33189874e-03   8.94945981e-01   3.38826746e-09   3.76382887e-02
   7.09992489e-03   2.89152206e-14   5.29839031e-02] , [  2.54689341e-03   2.96601968e-01   7.09629318e-10   1.14682761e-01
   1.28952472e-02   5.96683706e-14   5.73273129e-01] , [  3.05062727e-02   6.46326212e-02   5.79117182e-07   9.62468447e-02
   5.62725358e-04   2.88148632e-15   8.08050957e-01] , [  4.44386400e-01   4.81784595e-03   3.36853247e-17   1.55795520e-02
   6.47512258e-02   5.04261155e-10   4.70464976e-01] , [  4.30320379e-01   3.66150066e-01   2.34205385e-11   2.28544630e-02
   1.41275857e-02   3.61479610e-12   1.66547506e-01] , [  7.58645786e-03   8.18281498e-01   1.76243072e-11   1.37143033e-01
   1.05689773e-02   1.54333445e-10   2.64200334e-02] , [  3.68051993e-01   1.94232357e-01   5.14612965e-07   3.41144307e-02
   2.06267577e-04   7.40993764e-16   4.03394436e-01] , [  1.55495384e-03   5.63154377e-01   2.80382179e-12   3.85438682e-01
   6.60057321e-03   1.48209485e-09   4.32514130e-02] , [  1.94395922e-02   2.63962322e-01   1.86855417e-12   7.79479299e-02
   5.28246689e-02   1.42664624e-12   5.85825487e-01] , [  4.15792845e-01   9.51495500e-03   4.27634382e-17   1.59981009e-02
   5.91402471e-02   3.82010768e-11   4.99553852e-01] , [  3.52557401e-01   4.88101554e-01   8.75060635e-13   1.10424006e-01
   1.12169257e-02   3.07005790e-08   3.77000818e-02] , [  8.33167833e-01   2.45044589e-02   1.18999240e-14   5.74046118e-03
   3.52206603e-02   1.91526710e-08   1.01366568e-01] , [  9.01214562e-01   6.53537161e-02   1.02555665e-12   1.32868833e-02
   1.31100376e-03   8.84720541e-08   1.88337463e-02] , [  5.08359758e-01   1.16816555e-01   1.67036346e-14   1.47216359e-01
   2.67756800e-02   7.78577941e-08   2.00831570e-01] , [  2.13627313e-01   1.13158579e-01   2.72997842e-11   6.05462433e-02
   2.85126879e-02   1.17549352e-10   5.84155176e-01] , [  5.89038844e-01   6.19545465e-03   2.65247957e-18   1.18119011e-03
   3.15265380e-01   5.90975734e-07   8.83185406e-02] , [  5.05757645e-01   4.11061370e-01   4.04136433e-12   3.46378265e-02
   9.29172324e-03   8.17333254e-10   3.92514338e-02] , [  8.18766318e-01   1.41115937e-02   1.53365382e-16   4.29594931e-03
   2.66991580e-02   1.31382369e-09   1.36126980e-01] , [  8.93276980e-04   6.41320848e-01   3.67913566e-10   3.17373355e-01
   1.89049103e-03   1.48907444e-11   3.85220289e-02] , [  3.07979072e-03   5.34254536e-01   2.40399897e-11   4.58359342e-01
   5.46823014e-04   3.91606317e-07   3.75911661e-03] , [  7.67162868e-01   1.73261283e-02   1.68166098e-06   4.86259297e-03
   3.29903865e-04   2.10247246e-11   2.10316825e-01] , [  1.18135688e-01   8.11640134e-01   4.99877822e-05   3.56112994e-03
   1.50046021e-02   3.76827489e-13   5.16084573e-02] , [  7.51061853e-01   1.73512512e-01   1.10358712e-12   1.01534118e-02
   1.24988373e-02   2.36836886e-10   5.27733860e-02] , [  1.84110914e-02   7.01576382e-02   4.56986422e-09   3.99556467e-01
   3.35231272e-02   1.19798910e-05   4.78339691e-01] , [  5.11601935e-02   6.75088695e-01   9.59665586e-12   2.68710140e-01
   1.44148274e-03   5.57695652e-07   3.59893047e-03] , [  6.91548906e-02   5.43855620e-02   1.64638129e-15   3.54112571e-02
   4.35380922e-01   2.04848013e-08   4.05667348e-01] , [  8.05075039e-01   1.13388677e-01   4.26754470e-12   1.55447552e-02
   3.65512013e-03   2.80229862e-10   6.23364091e-02] , [  6.97303405e-02   7.41257156e-01   1.47447292e-01   1.16042875e-02
   1.42673464e-05   1.30790443e-19   2.99466561e-02] , [  7.72212612e-04   7.00864931e-02   8.19061952e-12   2.39783111e-01
   4.18023473e-01   2.22017148e-04   2.71112693e-01] , [  5.57326398e-01   6.28627464e-02   1.62911580e-13   2.99162612e-01
   5.99247537e-03   8.49044675e-05   7.45708632e-02] , [  4.55184743e-04   4.73248516e-01   4.51455312e-11   4.11828324e-01
   4.80325015e-03   5.68039863e-11   1.09664725e-01] , [  8.33003925e-01   9.39691313e-03   1.14602213e-18   1.05376411e-02
   6.98287393e-02   5.08290302e-06   7.72276987e-02] , [  2.07161298e-01   3.63902099e-01   9.04443633e-08   2.48693115e-02
   1.79617128e-01   8.98839893e-08   2.24449984e-01] , [  7.42845080e-01   1.22532785e-01   1.91460743e-14   2.63876806e-02
   3.19264220e-02   1.54396054e-08   7.63080162e-02] , [  3.90204417e-03   2.24038650e-01   9.63116067e-07   3.74190328e-01
   6.43875852e-05   4.72776002e-15   3.97803626e-01] , [  7.47606353e-01   2.20793357e-01   4.41554520e-12   2.34920855e-02
   1.23890457e-03   7.25970427e-08   6.86922675e-03] , [  8.85358872e-01   5.06776054e-02   6.12038873e-14   6.93072446e-03
   9.54827237e-03   8.23474362e-09   4.74845180e-02] , [  1.13228756e-02   5.05778695e-01   1.62602600e-12   4.06335918e-01
   7.37814110e-03   6.99087011e-09   6.91843629e-02] , [  2.71738662e-03   7.90023691e-01   1.83152883e-11   1.56300392e-01
   1.26293305e-02   3.55880820e-11   3.83291999e-02] , [  8.65094132e-01   7.18787726e-02   9.68199232e-12   6.27683730e-04
   7.58325421e-03   2.28458427e-12   5.48161577e-02] , [  7.45148748e-01   4.18881869e-02   1.31303218e-14   3.57414935e-02
   1.71642680e-02   1.35244636e-08   1.60057290e-01] , [  5.04300549e-01   1.11901624e-01   5.20527332e-13   3.93249874e-02
   2.09202329e-02   8.52781345e-11   3.23552606e-01] , [  3.67992783e-02   5.46051037e-02   9.37915183e-12   3.35138000e-02
   3.54245669e-02   1.77446707e-13   8.39657251e-01] , [  7.42811472e-02   7.42965574e-02   6.90427852e-12   5.97870780e-02
   1.47751609e-02   5.32548062e-13   7.76860057e-01] , [  6.56936069e-01   1.07966213e-01   2.78075409e-12   6.07993861e-02
   4.36881647e-03   4.73844309e-10   1.69929515e-01] , [  1.56700211e-01   8.11392169e-01   4.03496203e-09   4.03983296e-03
   8.72013536e-03   2.08565365e-14   1.91476478e-02] , [  8.50200814e-01   5.87979713e-02   8.84272101e-16   2.30173276e-02
   2.91507672e-02   1.21615146e-06   3.88319039e-02] , [  1.68619839e-03   6.48370647e-01   4.38478149e-11   2.93585739e-01
   4.43673796e-03   4.95961929e-11   5.19206770e-02] , [  2.33539626e-02   1.83523322e-01   2.28227231e-07   4.18308641e-01
   6.68599366e-05   1.59519691e-13   3.74746986e-01] , [  7.63986563e-01   8.70781047e-02   1.37978838e-13   1.76493389e-02
   1.61257771e-02   7.18261661e-10   1.15160216e-01] , [  2.36379483e-01   7.36404866e-01   1.76064047e-09   2.56815165e-02
   9.63398185e-04   3.10034353e-09   5.70732265e-04] , [  7.99486396e-01   3.18167980e-02   9.35990279e-15   6.42873409e-03
   3.78079504e-02   2.58337104e-09   1.24460119e-01] , [  2.40443969e-03   3.20188892e-01   2.20683217e-11   5.24353890e-01
   2.28176575e-03   3.43961602e-10   1.50771013e-01] , [  8.32081206e-01   5.40225343e-03   7.76204293e-15   1.12754710e-03
   2.86108517e-02   2.19198617e-08   1.32778120e-01] , [  8.28137547e-04   3.58102090e-01   5.75566701e-12   5.38367470e-01
   2.66460967e-03   7.17536916e-10   1.00037692e-01] , [  4.16575901e-01   2.60768256e-01   1.22491024e-18   1.07366907e-01
   4.04603565e-02   4.82664006e-11   1.74828580e-01] , [  2.47820748e-01   8.83183746e-03   1.42676911e-12   1.65243246e-02
   1.00187852e-01   3.49259345e-09   6.26635234e-01] , [  3.88139556e-03   8.68703979e-01   2.68777622e-08   1.20995942e-01
   1.16547577e-03   4.65408210e-12   5.25318035e-03] , [  8.77483320e-01   4.77977316e-02   4.49125014e-14   5.28532248e-03
   1.35140755e-02   3.74275773e-09   5.59195463e-02] , [  8.24157923e-01   1.13403997e-01   3.13008057e-12   6.31617151e-03
   5.82978806e-03   1.10556311e-10   5.02921206e-02] , [  6.59624035e-02   1.69839649e-01   2.92705278e-14   1.56910411e-01
   3.04460952e-01   9.11600419e-07   3.02825673e-01] , [  8.92355894e-01   7.99455351e-02   9.89234424e-13   1.13978519e-02
   1.60073769e-03   1.06077623e-07   1.46998755e-02] , [  8.63634477e-02   8.92703615e-01   1.08185716e-06   1.14557275e-02
   8.44910515e-04   8.87456175e-15   8.63121739e-03] , [  8.06308408e-03   8.22134522e-01   3.51104908e-11   1.06555739e-01
   1.24952121e-02   1.34700285e-11   5.07514430e-02] , [  2.23763544e-02   8.84092163e-01   5.29962189e-11   5.25373744e-02
   1.38864320e-02   1.81709134e-11   2.71076759e-02] , [  7.11676479e-01   2.99326701e-02   7.72962477e-14   6.08605013e-03
   2.12172865e-02   2.89648476e-11   2.31087514e-01] , [  5.22872152e-03   6.43873543e-01   1.97896315e-12   3.29901012e-01
   5.90012227e-03   2.91858649e-08   1.50965723e-02] , [  6.79048714e-01   1.50692309e-02   2.34346325e-09   7.33591603e-03
   3.76631173e-04   3.47985279e-13   2.98169505e-01] , [  8.24968998e-01   4.29675001e-02   5.73328881e-18   5.11826195e-03
   5.76076155e-02   9.51343639e-10   6.93376237e-02] , [  1.44984009e-03   5.55933749e-01   6.80438015e-12   4.04771426e-01
   3.77049514e-03   1.47594493e-09   3.40744887e-02] , [  7.40072640e-01   6.72387029e-02   6.69156408e-08   1.32431436e-02
   1.04575842e-04   3.46565295e-14   1.79340871e-01] , [  5.22588566e-01   3.55708777e-02   1.77451926e-13   3.08353666e-02
   1.84856721e-02   2.09044026e-10   3.92519517e-01] , [  6.14942671e-03   8.82884639e-01   2.77722187e-07   9.43195809e-02
   6.50344072e-04   9.46242969e-14   1.59957315e-02] ]
log_loss: 1.08970387874 

------------ 		SVC         ------------
Predict Proba:
 [ 0.4177549   0.23409269  0.0095815   0.10133134  0.05247197  0.01664278
  0.16812484] , [ 0.4177549   0.23409269  0.0095815   0.10133134  0.05247197  0.01664278
  0.16812484] , [ 0.4177549   0.23409269  0.0095815   0.10133134  0.05247197  0.01664278
  0.16812484] , [ 0.4177549   0.23409269  0.0095815   0.10133134  0.05247197  0.01664278
  0.16812484] , [ 0.41775494  0.2340927   0.0095815   0.10133134  0.05247197  0.01664278
  0.16812478] , [ 0.41775485  0.2340927   0.0095815   0.10133135  0.05247197  0.01664278
  0.16812485] , [ 0.41776094  0.23409559  0.00958145  0.10132099  0.05247205  0.01664273
  0.16812624] , [ 0.4177549   0.23409269  0.0095815   0.10133134  0.05247197  0.01664277
  0.16812484] , [ 0.4177549   0.23409269  0.0095815   0.10133134  0.05247197  0.01664278
  0.16812484] , [ 0.4177549   0.23409269  0.0095815   0.10133134  0.05247197  0.01664278
  0.16812484] , [ 0.4177549   0.23409269  0.0095815   0.10133134  0.05247197  0.01664278
  0.16812484] , [ 0.41774425  0.23409638  0.00958166  0.10133332  0.05247322  0.01664309
  0.16812809] , [ 0.4177549   0.23409269  0.0095815   0.10133134  0.05247197  0.01664278
  0.16812484] , [ 0.4176642   0.23412414  0.00958292  0.10134814  0.05248263  0.01664545
  0.1681525 ] , [ 0.4176641   0.23412413  0.00958292  0.10134819  0.05248266  0.01664546
  0.16815252] , [ 0.4177549   0.23409269  0.0095815   0.10133134  0.05247197  0.01664278
  0.16812484] , [ 0.4177549   0.23409269  0.0095815   0.10133134  0.05247197  0.01664278
  0.16812484] , [ 0.4177549   0.23409269  0.0095815   0.10133134  0.05247197  0.01664278
  0.16812484] , [ 0.41775489  0.23409269  0.0095815   0.10133134  0.05247197  0.01664278
  0.16812484] , [ 0.4177549   0.23409269  0.0095815   0.10133134  0.05247197  0.01664278
  0.16812484] , [ 0.41775902  0.2340947   0.00958147  0.10132425  0.05247202  0.01664275
  0.1681258 ] , [ 0.41672575  0.23444916  0.00959766  0.10152233  0.05259326  0.01667331
  0.16843853] , [ 0.41775407  0.23409297  0.00958151  0.10133149  0.05247207  0.0166428
  0.16812509] , [ 0.4177549   0.23409269  0.0095815   0.10133134  0.05247197  0.01664278
  0.16812484] , [ 0.41754111  0.23416681  0.00958481  0.10137103  0.05249708  0.01664907
  0.16819009] , [ 0.4177549   0.23409269  0.0095815   0.10133134  0.05247197  0.01664278
  0.16812484] , [ 0.33609269  0.26207595  0.01085665  0.11654753  0.06243624  0.01907633
  0.19291462] , [ 0.4177549   0.23409269  0.0095815   0.10133134  0.05247197  0.01664278
  0.16812484] , [ 0.4177549   0.23409269  0.0095815   0.10133134  0.05247197  0.01664278
  0.16812484] , [ 0.4161758   0.23463997  0.009606    0.10162418  0.05265781  0.01668962
  0.16860662] , [ 0.4177549   0.23409269  0.0095815   0.10133134  0.05247197  0.01664278
  0.16812484] , [ 0.4177549   0.23409269  0.0095815   0.10133134  0.05247197  0.01664278
  0.16812484] , [ 0.41775488  0.23409269  0.0095815   0.10133134  0.05247197  0.01664278
  0.16812484] , [ 0.4177549   0.23409269  0.0095815   0.10133134  0.05247197  0.01664278
  0.16812484] , [ 0.41775298  0.23409335  0.00958153  0.1013317   0.05247219  0.01664283
  0.16812542] , [ 0.4177549   0.23409269  0.0095815   0.10133134  0.05247197  0.01664278
  0.16812484] , [ 0.4177549   0.23409269  0.0095815   0.10133134  0.05247197  0.01664278
  0.16812484] , [ 0.4177549   0.23409269  0.0095815   0.10133134  0.05247197  0.01664278
  0.16812484] , [ 0.3760576   0.24844048  0.01022974  0.10909396  0.05746436  0.0178775
  0.18083636] , [ 0.4177549   0.23409269  0.0095815   0.10133134  0.05247197  0.01664278
  0.16812484] , [ 0.4177549   0.23409269  0.0095815   0.10133134  0.05247197  0.01664278
  0.16812484] , [ 0.41769579  0.23411318  0.00958241  0.10134231  0.05247891  0.01664452
  0.16814288] , [ 0.4177549   0.23409269  0.0095815   0.10133134  0.05247197  0.01664278
  0.16812484] , [ 0.4177583   0.23409434  0.00958147  0.10132549  0.05247202  0.01664275
  0.16812563] , [ 0.4177549   0.23409269  0.0095815   0.10133134  0.05247197  0.01664278
  0.16812484] , [ 0.4177549   0.23409269  0.0095815   0.10133134  0.05247197  0.01664278
  0.16812484] , [ 0.41775494  0.2340927   0.0095815   0.10133134  0.05247197  0.01664278
  0.16812477] , [ 0.4177545   0.23409282  0.0095815   0.10133141  0.05247202  0.01664279
  0.16812496] , [ 0.41775846  0.23409323  0.00958148  0.10132638  0.05247206  0.01664277
  0.16812563] , [ 0.4177549   0.23409269  0.0095815   0.10133134  0.05247197  0.01664278
  0.16812484] , [ 0.41746289  0.23419388  0.00958608  0.10138553  0.05250626  0.01665142
  0.16821394] , [ 0.4177549   0.23409269  0.0095815   0.10133134  0.05247197  0.01664278
  0.16812484] , [ 0.4177549   0.23409269  0.0095815   0.10133134  0.05247197  0.01664278
  0.16812484] , [ 0.4177549   0.23409269  0.0095815   0.10133134  0.05247197  0.01664278
  0.16812484] , [ 0.4177549   0.23409269  0.0095815   0.10133134  0.05247197  0.01664278
  0.16812484] , [ 0.41775109  0.234094    0.00958156  0.10133205  0.05247242  0.01664289
  0.168126  ] , [ 0.41686236  0.23440176  0.00959551  0.10149704  0.05257712  0.0166692
  0.16839701] , [ 0.4177549   0.23409269  0.0095815   0.10133134  0.05247197  0.01664278
  0.16812484] , [ 0.4177549   0.23409269  0.0095815   0.10133134  0.05247197  0.01664278
  0.16812484] , [ 0.41707111  0.23432976  0.00959223  0.10145823  0.05255248  0.01666302
  0.16833317] , [ 0.41775204  0.23409367  0.00958154  0.10133187  0.0524723   0.01664286
  0.16812571] , [ 0.41774829  0.23409498  0.0095816   0.10133257  0.05247275  0.01664297
  0.16812685] , [ 0.4177549   0.23409269  0.0095815   0.10133134  0.05247197  0.01664278
  0.16812484] , [ 0.4177549   0.23409269  0.0095815   0.10133134  0.05247197  0.01664278
  0.16812484] , [ 0.4177549   0.23409269  0.0095815   0.10133134  0.05247197  0.01664278
  0.16812484] , [ 0.4177549   0.23409269  0.0095815   0.10133134  0.05247197  0.01664278
  0.16812484] , [ 0.41775471  0.23409275  0.0095815   0.10133137  0.05247199  0.01664278
  0.16812489] , [ 0.41775499  0.23409254  0.0095815   0.10133136  0.05247198  0.01664278
  0.16812485] , [ 0.4177549   0.23409269  0.0095815   0.10133134  0.05247197  0.01664278
  0.16812484] , [ 0.41775584  0.23409315  0.00958149  0.10132972  0.05247198  0.01664277
  0.16812506] , [ 0.4177549   0.23409269  0.0095815   0.10133134  0.05247197  0.01664278
  0.16812484] , [ 0.41775743  0.23409328  0.00958151  0.10133158  0.05247211  0.0166428
  0.16812129] , [ 0.4177549   0.23409269  0.0095815   0.10133134  0.05247197  0.01664278
  0.16812484] , [ 0.4177549   0.23409269  0.0095815   0.10133134  0.05247197  0.01664278
  0.16812484] , [ 0.41775486  0.2340927   0.0095815   0.10133135  0.05247197  0.01664278
  0.16812485] , [ 0.41775323  0.23409326  0.00958152  0.10133165  0.05247216  0.01664283
  0.16812534] , [ 0.4178961   0.23412575  0.00958192  0.10134499  0.05247979  0.01664421
  0.16792723] , [ 0.4177549   0.23409269  0.0095815   0.10133134  0.05247197  0.01664278
  0.16812484] , [ 0.41754103  0.23416679  0.00958481  0.10137102  0.05249714  0.01664911
  0.16819009] , [ 0.41775489  0.23409269  0.0095815   0.10133134  0.05247197  0.01664278
  0.16812484] , [ 0.41775571  0.23409308  0.00958149  0.10132994  0.05247198  0.01664277
  0.16812503] , [ 0.4177549   0.23409269  0.0095815   0.10133134  0.05247197  0.01664278
  0.16812484] , [ 0.4177549   0.23409269  0.0095815   0.10133134  0.05247197  0.01664278
  0.16812484] , [ 0.4177549   0.23409269  0.0095815   0.10133134  0.05247197  0.01664278
  0.16812484] , [ 0.41775467  0.23409276  0.0095815   0.10133138  0.05247199  0.01664278
  0.1681249 ] , [ 0.4177549   0.23409269  0.0095815   0.10133134  0.05247197  0.01664278
  0.16812484] , [ 0.4177549   0.23409269  0.0095815   0.10133134  0.05247197  0.01664278
  0.16812484] , [ 0.4177549   0.23409269  0.0095815   0.10133134  0.05247197  0.01664278
  0.16812484] , [ 0.40334331  0.23907803  0.00980426  0.10400821  0.05417931  0.01706978
  0.1725171 ] , [ 0.4177549   0.23409269  0.0095815   0.10133134  0.05247197  0.01664278
  0.16812484] , [ 0.4177549   0.23409269  0.0095815   0.10133134  0.05247197  0.01664278
  0.16812484] , [ 0.4177549   0.23409269  0.0095815   0.10133134  0.05247197  0.01664278
  0.16812484] , [ 0.41775516  0.23409281  0.0095815   0.10133089  0.05247197  0.01664278
  0.1681249 ] , [ 0.4177549   0.23409269  0.0095815   0.10133134  0.05247197  0.01664278
  0.16812484] , [ 0.4177549   0.23409269  0.0095815   0.10133134  0.05247197  0.01664278
  0.16812484] , [ 0.13351009  0.33431928  0.01397326  0.15471508  0.08612502  0.02506119
  0.25229607] , [ 0.4177549   0.23409269  0.0095815   0.10133134  0.05247197  0.01664278
  0.16812484] , [ 0.4177549   0.23409269  0.0095815   0.10133134  0.05247197  0.01664278
  0.16812484] , [ 0.41775329  0.23409324  0.00958152  0.10133164  0.05247216  0.01664282
  0.16812532] , [ 0.4177549   0.23409269  0.0095815   0.10133134  0.05247197  0.01664278
  0.16812484] , [ 0.41775615  0.23409085  0.00958151  0.10133156  0.05247207  0.0166428
  0.16812505] , [ 0.4177298   0.23410138  0.00958189  0.10133599  0.05247492  0.01664352
  0.1681325 ] , [ 0.38632184  0.24492958  0.01007541  0.10717697  0.05622357  0.0175766
  0.17769603] , [ 0.41775448  0.23409283  0.0095815   0.10133142  0.05247202  0.01664279
  0.16812496] , [ 0.41776911  0.23409601  0.00958154  0.10133272  0.05247276  0.01664292
  0.16810494] , [ 0.41775614  0.23409298  0.0095815   0.10133146  0.05247204  0.01664279
  0.1681231 ] , [ 0.41766411  0.23412413  0.00958292  0.10134819  0.05248263  0.01664546
  0.16815256] , [ 0.4177549   0.23409269  0.0095815   0.10133134  0.05247197  0.01664278
  0.16812484] , [ 0.41775234  0.23409357  0.00958154  0.10133181  0.05247227  0.01664285
  0.16812561] , [ 0.41781222  0.23412068  0.00958106  0.10123275  0.05247275  0.01664236
  0.16813818] , [ 0.4177549   0.23409269  0.0095815   0.10133134  0.05247197  0.01664278
  0.16812484] , [ 0.39406384  0.24227116  0.00994958  0.10573399  0.05529223  0.01734296
  0.17534624] , [ 0.4177549   0.23409269  0.0095815   0.10133134  0.05247197  0.01664278
  0.16812484] , [ 0.41770363  0.23411045  0.0095823   0.10134084  0.05247799  0.01664429
  0.16814049] , [ 0.41796854  0.2341971   0.00957988  0.10096364  0.05247494  0.01664123
  0.16817467] , [ 0.4177549   0.23409269  0.0095815   0.10133134  0.05247197  0.01664278
  0.16812484] , [ 0.41910733  0.23475773  0.0095713   0.09899529  0.05249136  0.01663312
  0.16844387] , [ 0.41777376  0.23406499  0.0095817   0.10133473  0.05247351  0.0166432
  0.16812812] , [ 0.4177549   0.23409269  0.0095815   0.10133134  0.05247197  0.01664278
  0.16812484] , [ 0.4177549   0.23409269  0.0095815   0.10133134  0.05247197  0.01664278
  0.16812484] , [ 0.4173731   0.23422503  0.00958744  0.10140213  0.05251698  0.01665406
  0.16824125] , [ 0.39716268  0.24120143  0.00990496  0.10515639  0.05491979  0.01725391
  0.17440084] , [ 0.4177549   0.23409269  0.0095815   0.10133134  0.05247197  0.01664278
  0.16812484] , [ 0.41763426  0.23413449  0.00958336  0.1013537   0.05248618  0.01664635
  0.16816165] , [ 0.4177549   0.23409269  0.0095815   0.10133134  0.05247197  0.01664278
  0.16812484] , [ 0.41775594  0.23409115  0.00958151  0.10133153  0.05247205  0.0166428
  0.16812502] , [ 0.41775491  0.23409267  0.0095815   0.10133134  0.05247197  0.01664278
  0.16812484] , [ 0.4177549   0.23409269  0.0095815   0.10133134  0.05247197  0.01664278
  0.16812484] , [ 0.4177549   0.23409269  0.0095815   0.10133134  0.05247197  0.01664278
  0.16812484] , [ 0.4177549   0.23409269  0.0095815   0.10133134  0.05247197  0.01664278
  0.16812484] , [ 0.4177549   0.23409269  0.0095815   0.10133134  0.05247197  0.01664278
  0.16812484] , [ 0.41777126  0.23410068  0.00958137  0.10130319  0.05247219  0.01664266
  0.16812865] , [ 0.41750659  0.23417875  0.00958535  0.10137742  0.05250124  0.01665011
  0.16820054] , [ 0.4177549   0.23409269  0.0095815   0.10133134  0.05247197  0.01664278
  0.16812484] , [ 0.4177549   0.23409269  0.0095815   0.10133134  0.05247197  0.01664278
  0.16812484] ]
log_loss: 1.48517469075 

------------ LogisticRegression ------------
Predict Proba:
 [ 1.  0.  0.  0.  0.  0.  0.] , [ 0.7  0.2  0.1  0.   0.   0.   0. ] , [ 0.   0.1  0.   0.   0.1  0.   0.8] , [ 1.  0.  0.  0.  0.  0.  0.] , [ 0.   0.   0.   0.   0.3  0.1  0.6] , [ 1.  0.  0.  0.  0.  0.  0.] , [ 0.   0.1  0.   0.9  0.   0.   0. ] , [ 0.1  0.1  0.   0.   0.3  0.5  0. ] , [ 0.1  0.1  0.   0.   0.3  0.1  0.4] , [ 0.9  0.   0.   0.1  0.   0.   0. ] , [ 0.   0.8  0.   0.1  0.1  0.   0. ] , [ 1.  0.  0.  0.  0.  0.  0.] , [ 0.8  0.   0.   0.   0.   0.   0.2] , [ 1.  0.  0.  0.  0.  0.  0.] , [ 0.9  0.   0.   0.   0.   0.   0.1] , [ 0.   0.6  0.   0.4  0.   0.   0. ] , [ 0.2  0.8  0.   0.   0.   0.   0. ] , [ 0.1  0.4  0.   0.4  0.   0.   0.1] , [ 0.4  0.   0.   0.   0.3  0.   0.3] , [ 0.8  0.   0.   0.   0.   0.   0.2] , [ 0.   0.3  0.   0.7  0.   0.   0. ] , [ 1.  0.  0.  0.  0.  0.  0.] , [ 1.  0.  0.  0.  0.  0.  0.] , [ 0.   0.2  0.   0.   0.1  0.   0.7] , [ 1.  0.  0.  0.  0.  0.  0.] , [ 0.4  0.   0.   0.1  0.   0.   0.5] , [ 1.  0.  0.  0.  0.  0.  0.] , [ 0.   0.   0.   0.   0.9  0.   0.1] , [ 0.  1.  0.  0.  0.  0.  0.] , [ 1.  0.  0.  0.  0.  0.  0.] , [ 0.7  0.2  0.   0.1  0.   0.   0. ] , [ 0.   0.   0.   0.   0.9  0.   0.1] , [ 0.5  0.   0.   0.1  0.   0.   0.4] , [ 0.4  0.   0.   0.1  0.2  0.   0.3] , [ 1.  0.  0.  0.  0.  0.  0.] , [ 0.1  0.   0.   0.   0.2  0.1  0.6] , [ 0.  1.  0.  0.  0.  0.  0.] , [ 0.   0.   0.   0.   0.8  0.   0.2] , [ 1.  0.  0.  0.  0.  0.  0.] , [ 0.  0.  0.  0.  0.  0.  1.] , [ 1.  0.  0.  0.  0.  0.  0.] , [ 1.  0.  0.  0.  0.  0.  0.] , [ 0.2  0.3  0.3  0.2  0.   0.   0. ] , [ 0.   0.3  0.   0.7  0.   0.   0. ] , [ 0.7  0.2  0.   0.   0.   0.   0.1] , [ 0.1  0.   0.   0.   0.7  0.   0.2] , [ 0.  0.  0.  0.  0.  0.  1.] , [ 0.9  0.   0.   0.   0.   0.   0.1] , [ 0.   0.2  0.   0.8  0.   0.   0. ] , [ 0.9  0.1  0.   0.   0.   0.   0. ] , [ 1.  0.  0.  0.  0.  0.  0.] , [ 0.  1.  0.  0.  0.  0.  0.] , [ 0.   0.5  0.   0.4  0.   0.   0.1] , [ 1.  0.  0.  0.  0.  0.  0.] , [ 0.  0.  0.  0.  1.  0.  0.] , [ 1.  0.  0.  0.  0.  0.  0.] , [ 1.  0.  0.  0.  0.  0.  0.] , [ 0.  1.  0.  0.  0.  0.  0.] , [ 0.9  0.   0.   0.   0.   0.   0.1] , [ 0.8  0.   0.   0.   0.   0.   0.2] , [ 1.  0.  0.  0.  0.  0.  0.] , [ 1.  0.  0.  0.  0.  0.  0.] , [ 0.   0.9  0.   0.1  0.   0.   0. ] , [ 0.1  0.2  0.   0.   0.   0.   0.7] , [ 0.1  0.   0.   0.   0.   0.   0.9] , [ 0.1  0.1  0.   0.   0.2  0.   0.6] , [ 0.7  0.   0.   0.   0.   0.   0.3] , [ 0.   0.7  0.   0.3  0.   0.   0. ] , [ 0.7  0.   0.   0.1  0.   0.   0.2] , [ 0.   0.2  0.   0.8  0.   0.   0. ] , [ 0.2  0.2  0.   0.   0.   0.   0.6] , [ 0.1  0.   0.   0.   0.1  0.   0.8] , [ 0.9  0.   0.   0.1  0.   0.   0. ] , [ 1.  0.  0.  0.  0.  0.  0.] , [ 1.  0.  0.  0.  0.  0.  0.] , [ 0.5  0.   0.   0.2  0.   0.   0.3] , [ 0.1  0.2  0.   0.   0.   0.   0.7] , [ 0.7  0.2  0.   0.   0.   0.1  0. ] , [ 0.9  0.   0.   0.   0.   0.   0.1] , [ 1.  0.  0.  0.  0.  0.  0.] , [ 0.   0.2  0.   0.8  0.   0.   0. ] , [ 0.   0.5  0.   0.5  0.   0.   0. ] , [ 0.7  0.2  0.   0.1  0.   0.   0. ] , [ 0.2  0.5  0.   0.   0.   0.   0.3] , [ 1.  0.  0.  0.  0.  0.  0.] , [ 0.   0.1  0.   0.8  0.   0.   0.1] , [ 0.   0.9  0.   0.1  0.   0.   0. ] , [ 0.1  0.   0.   0.   0.7  0.   0.2] , [ 1.  0.  0.  0.  0.  0.  0.] , [ 0.  1.  0.  0.  0.  0.  0.] , [ 0.   0.2  0.   0.5  0.3  0.   0. ] , [ 0.3  0.   0.   0.1  0.1  0.   0.5] , [ 0.   0.6  0.   0.4  0.   0.   0. ] , [ 0.9  0.   0.   0.   0.   0.   0.1] , [ 0.2  0.6  0.   0.2  0.   0.   0. ] , [ 1.  0.  0.  0.  0.  0.  0.] , [ 0.   0.4  0.   0.4  0.   0.2  0. ] , [ 1.  0.  0.  0.  0.  0.  0.] , [ 1.  0.  0.  0.  0.  0.  0.] , [ 0.   0.8  0.   0.2  0.   0.   0. ] , [ 0.   0.9  0.   0.1  0.   0.   0. ] , [ 1.  0.  0.  0.  0.  0.  0.] , [ 1.  0.  0.  0.  0.  0.  0.] , [ 1.  0.  0.  0.  0.  0.  0.] , [ 0.   0.   0.   0.   0.   0.1  0.9] , [ 0.2  0.   0.   0.   0.   0.   0.8] , [ 1.  0.  0.  0.  0.  0.  0.] , [ 0.   0.9  0.   0.1  0.   0.   0. ] , [ 0.8  0.   0.   0.   0.   0.   0.2] , [ 0.   0.3  0.   0.7  0.   0.   0. ] , [ 0.   0.1  0.   0.6  0.   0.   0.3] , [ 1.  0.  0.  0.  0.  0.  0.] , [ 0.   0.8  0.2  0.   0.   0.   0. ] , [ 1.  0.  0.  0.  0.  0.  0.] , [ 0.   0.3  0.   0.6  0.   0.   0.1] , [ 0.9  0.1  0.   0.   0.   0.   0. ] , [ 0.   0.4  0.   0.5  0.   0.   0.1] , [ 0.1  0.5  0.   0.3  0.1  0.   0. ] , [ 0.   0.1  0.   0.   0.1  0.   0.8] , [ 0.   0.9  0.1  0.   0.   0.   0. ] , [ 1.  0.  0.  0.  0.  0.  0.] , [ 1.  0.  0.  0.  0.  0.  0.] , [ 0.1  0.3  0.   0.1  0.2  0.1  0.2] , [ 1.  0.  0.  0.  0.  0.  0.] , [ 0.  1.  0.  0.  0.  0.  0.] , [ 0.  1.  0.  0.  0.  0.  0.] , [ 0.  1.  0.  0.  0.  0.  0.] , [ 0.6  0.   0.   0.   0.2  0.   0.2] , [ 0.   0.2  0.   0.8  0.   0.   0. ] , [ 0.9  0.1  0.   0.   0.   0.   0. ] , [ 0.8  0.   0.   0.   0.   0.   0.2] , [ 0.   0.3  0.   0.7  0.   0.   0. ] , [ 0.9  0.   0.   0.1  0.   0.   0. ] , [ 0.6  0.2  0.   0.   0.   0.   0.2] , [ 0.  1.  0.  0.  0.  0.  0.] ]
log_loss: 1.85622966421 

