------------ LogisticRegression ------------
Predict Proba:
 [  1.51176361e-37   9.82604330e-01   6.98536273e-15   1.54350036e-02
   4.17963398e-08   1.68216672e-03   2.78457461e-04] , [  1.81615156e-04   4.77638047e-08   2.65244743e-01   1.15182106e-02
   7.22309786e-01   2.13768074e-04   5.31829058e-04] , [  4.48820826e-16   8.45332418e-09   1.28447138e-02   1.34294392e-01
   5.24419118e-04   8.52193363e-01   1.43104515e-04] , [  9.76786365e-09   5.50219631e-08   6.40183122e-01   4.02807156e-02
   3.19535764e-01   3.31497219e-07   2.29059504e-09] , [  1.64258758e-28   8.20917585e-01   2.88785871e-08   1.78538831e-01
   5.43395481e-04   1.59181654e-07   2.61567927e-17] , [  4.31211936e-08   1.59969363e-05   5.19448431e-03   4.61091981e-01
   5.33530527e-01   1.66859737e-04   1.07840466e-07] , [  1.04284443e-04   1.96224983e-07   4.81203241e-03   6.08341611e-03
   9.88548830e-01   1.34796092e-06   4.49892900e-04] , [  6.98407836e-22   8.85280438e-07   1.60951482e-04   3.87258293e-10
   3.19262226e-04   1.43058511e-07   9.99518758e-01] , [  7.26287237e-01   3.94715146e-09   2.24499227e-05   2.51630629e-01
   2.20590926e-02   5.88104281e-07   1.88668529e-10] , [  3.41627360e-08   1.88146657e-07   2.63943410e-06   8.16881191e-01
   7.02446052e-02   1.12871342e-01   2.31568184e-12] , [  9.98022105e-07   4.63473560e-04   3.44884029e-07   8.99984891e-01
   9.95496650e-02   5.38252662e-07   8.92939140e-08] , [  3.25733433e-06   5.08801834e-04   1.89990445e-07   9.67499524e-01
   1.17717749e-02   2.02164514e-02   1.15629943e-11] , [  4.61726609e-06   1.70122805e-04   9.70060139e-07   8.99223137e-01
   1.00590105e-01   1.10470954e-05   6.42887684e-11] , [  6.11948869e-14   7.79027996e-07   1.21889483e-03   1.66877559e-01
   2.28052963e-03   8.29576043e-01   4.61936378e-05] , [  1.21194304e-05   1.74795227e-05   8.47453378e-09   1.42645071e-01
   2.15082397e-03   8.55174497e-01   4.15926827e-10] , [  7.87029641e-05   1.48581975e-04   7.50817314e-07   9.80728229e-01
   1.90195941e-02   2.41369644e-05   3.68081051e-09] , [  9.59403091e-28   1.55447396e-03   5.48166282e-02   3.45937661e-10
   3.50105284e-03   1.27368191e-09   9.40127843e-01] , [  2.95066590e-21   1.55685008e-06   5.79092953e-03   4.00462312e-10
   2.24777097e-03   1.74964330e-04   9.91784778e-01] , [  4.79573576e-07   2.05152454e-11   1.91582417e-03   7.66891167e-02
   8.10923556e-03   9.13283734e-01   1.60976771e-06] , [  3.49481166e-05   1.61313167e-07   1.45632987e-01   6.59931140e-02
   7.86964857e-01   1.37390471e-03   2.84968900e-08] , [  1.17644182e-37   9.75567031e-01   9.02349851e-11   2.44295527e-02
   5.11430713e-07   2.71796658e-06   1.87048760e-07] , [  4.35685181e-10   1.56069049e-04   6.47140348e-06   9.98412355e-01
   1.41491069e-03   1.01933515e-05   1.15834622e-14] , [  1.07072386e-28   3.00408234e-05   6.98498954e-04   1.53510230e-11
   7.41364452e-04   1.23624934e-05   9.98517733e-01] , [  2.90586768e-02   1.32206570e-08   3.38056347e-02   1.19589616e-01
   8.02596219e-01   1.49109532e-02   3.88871390e-05] , [  3.57915277e-11   4.85390027e-07   6.77158036e-01   4.05252002e-02
   2.82281122e-01   3.46292384e-05   5.27372104e-07] , [  6.50563701e-01   4.97242916e-08   3.18917224e-05   2.95605950e-01
   5.37973154e-02   1.09247551e-06   5.18984150e-12] , [  1.63877952e-04   1.01118687e-07   4.34515063e-03   4.63815772e-03
   9.88739590e-01   1.14705944e-05   2.10165201e-03] , [  1.47337032e-18   1.25122528e-07   3.92907350e-03   3.50272041e-10
   1.14469658e-03   5.47390266e-07   9.94925557e-01] , [  5.23822375e-07   8.04330668e-09   8.43639605e-01   2.51915094e-02
   1.31011816e-01   2.04664196e-06   1.54491009e-04] , [  5.44658317e-07   8.67343432e-04   2.78511430e-07   9.84526288e-01
   1.45833591e-02   2.21858983e-05   1.66189914e-10] , [  2.10515409e-04   7.24945529e-08   4.47721071e-03   4.17892052e-03
   9.86951819e-01   2.55957434e-05   4.15586564e-03] , [  1.18213927e-06   5.80977496e-08   1.17547621e-01   3.81826981e-01
   5.00623768e-01   2.54281813e-09   3.86805061e-07] , [  1.04015376e-10   5.15650158e-08   7.38023920e-01   7.43374266e-02
   1.82193385e-01   1.55280840e-07   5.44506142e-03] , [  1.11341627e-02   7.66756204e-07   3.52232432e-08   1.22892690e-01
   8.61591393e-03   8.57356165e-01   2.66551850e-07] , [  1.67106252e-05   2.07469085e-05   1.16193061e-05   7.95600781e-01
   3.01819012e-02   1.74168241e-01   6.41028310e-11] , [  6.81703801e-01   6.86368472e-09   1.49817126e-06   2.97066274e-01
   2.12244934e-02   3.92661197e-06   1.95696271e-11] , [  2.32550693e-33   9.38897146e-01   3.80330554e-12   6.10934179e-02
   6.39427746e-07   8.79656281e-06   4.53366380e-10] , [  6.52382097e-05   2.99633211e-07   5.15801243e-02   3.35996148e-01
   5.84284131e-01   2.80735362e-02   5.22455734e-07] , [  8.19834479e-01   2.35616826e-09   1.62010442e-06   1.48451498e-01
   3.16800043e-02   3.23883630e-05   8.32986144e-09] , [  1.98493166e-03   1.34458978e-08   7.80376606e-01   2.63435021e-03
   2.14598840e-01   2.32925257e-05   3.81966742e-04] , [  5.98977054e-01   6.19424795e-08   3.59651231e-06   3.31740634e-01
   6.92767116e-02   1.94229600e-06   1.42577531e-13] , [  9.62988551e-10   3.35620751e-08   1.58642510e-04   1.50047641e-01
   2.41758025e-02   8.25617295e-01   5.84149505e-07] , [  4.83908480e-27   3.07585941e-06   1.32895955e-04   8.13606004e-12
   3.89676449e-04   2.11385175e-07   9.99474140e-01] , [  2.89450980e-31   9.62735927e-01   1.84591897e-08   3.69740228e-02
   3.90361940e-05   2.50995204e-04   4.08300637e-11] , [  7.38369473e-01   4.37370840e-09   3.45231339e-04   2.33742352e-01
   2.75353643e-02   7.57363738e-06   1.39362828e-09] , [  4.91855626e-30   9.46095644e-01   1.66815900e-10   5.04730436e-02
   1.18138467e-07   3.43100973e-03   1.84765199e-07] , [  1.31458368e-06   6.98471014e-06   1.91165502e-08   1.60283706e-01
   7.76657230e-04   8.38931318e-01   3.54116824e-10] , [  2.47787983e-04   6.88272331e-08   6.74259465e-03   4.82947340e-03
   9.85175442e-01   7.69775998e-06   2.99693495e-03] , [  5.12894687e-07   1.44043761e-03   6.27825266e-08   9.79681942e-01
   1.70706925e-02   1.80635181e-03   4.28722785e-11] , [  6.43168125e-19   5.47531469e-08   1.74834631e-04   1.79576252e-10
   8.74094582e-04   6.91438264e-05   9.98881872e-01] , [  2.03521116e-05   5.22078733e-06   3.74638184e-03   8.54183556e-01
   1.42044474e-01   1.50054096e-08   8.67178026e-11] , [  4.36043015e-31   2.53989818e-06   8.88017728e-03   7.97240191e-12
   8.16115649e-05   3.38884729e-07   9.91035332e-01] , [  8.31770780e-07   5.59572143e-08   6.58507358e-01   1.04252551e-02
   3.31028618e-01   1.06501070e-05   2.72311441e-05] , [  1.07631467e-19   4.18133267e-07   8.09702715e-04   2.70144614e-10
   4.35132369e-03   2.33237458e-04   9.94605318e-01] , [  7.73703515e-31   3.35702947e-04   7.52899372e-03   1.04232403e-10
   1.75072169e-03   9.24318784e-10   9.90384581e-01] , [  2.44857853e-35   9.59993259e-01   1.37673556e-11   3.99912996e-02
   6.00986847e-07   1.48350665e-05   5.72025892e-09] , [  5.78354748e-08   6.02432634e-07   1.53929385e-02   4.49327511e-01
   5.35273097e-01   5.74872186e-06   4.40349371e-08] , [  1.78686434e-08   3.60249228e-09   7.20019304e-01   1.68600903e-02
   2.63033809e-01   8.63324843e-05   4.42466435e-07] , [  1.30062284e-04   8.25140557e-09   8.69098491e-01   5.57291659e-03
   1.25133528e-01   2.02978462e-06   6.29637644e-05] , [  3.71980636e-23   7.88405748e-01   1.85978915e-09   2.11415168e-01
   1.64490467e-04   1.45914778e-05   5.67604873e-17] , [  9.66852833e-07   1.51365098e-08   2.98128351e-01   3.08958083e-01
   3.92911634e-01   9.48197917e-07   1.36745137e-09] , [  7.32418518e-01   1.11690990e-08   4.31066906e-05   2.33553670e-01
   3.39845895e-02   1.04136350e-07   2.91471328e-10] , [  7.09315956e-07   4.60109097e-06   1.33898111e-07   1.34267933e-01
   1.31546162e-02   8.52571957e-01   5.02215248e-08] , [  1.62578753e-08   1.66006065e-05   9.12114098e-08   1.47345827e-01
   3.66052512e-03   8.48976938e-01   1.28469381e-09] , [  6.23283882e-39   9.49554295e-01   7.51975175e-16   5.04391621e-02
   1.13486598e-08   3.49484399e-08   6.49680532e-06] , [  2.09231398e-31   6.84931910e-04   2.68109408e-04   4.46073403e-11
   2.38964036e-04   5.61373707e-11   9.98807995e-01] , [  1.16390107e-37   9.55608197e-01   4.44803291e-09   4.43589752e-02
   3.12434176e-05   1.57945344e-06   2.09177291e-11] , [  3.74982550e-03   1.74160848e-06   6.33597343e-02   1.27823860e-01
   8.05061612e-01   3.22653124e-06   5.57526349e-12] , [  5.03522617e-11   6.93618984e-13   5.64614083e-01   1.41725190e-01
   2.75624715e-01   1.80360076e-02   4.11030119e-09] , [  1.04888923e-27   2.50165763e-05   7.42436989e-04   1.05793592e-10
   1.34211384e-03   5.18185642e-07   9.97889914e-01] , [  3.85652433e-05   2.11594590e-05   2.80173547e-09   2.31800542e-01
   3.14861450e-03   7.64991116e-01   1.63890972e-11] , [  2.26598670e-06   1.59816805e-06   2.14002656e-08   1.59363595e-01
   8.13725615e-04   8.39818769e-01   2.42172309e-08] , [  1.91289779e-05   1.96641237e-04   2.13717653e-06   7.82227119e-01
   2.17536875e-01   1.80989508e-05   1.28454335e-11] , [  4.79606444e-22   4.97321516e-07   1.98866373e-03   5.37753627e-10
   2.14044405e-04   1.23204055e-07   9.97796671e-01] , [  2.16385290e-29   1.80846028e-06   4.64151398e-03   1.76830934e-11
   1.04296425e-04   1.00670473e-07   9.95252280e-01] , [  1.64325894e-11   3.04161676e-06   1.71245686e-04   1.34454203e-01
   2.57451165e-02   8.39626284e-01   1.08576891e-07] , [  5.65055978e-04   1.33116254e-07   4.02158528e-01   4.29689193e-03
   5.92958973e-01   1.61673147e-05   4.25109576e-06] , [  4.83760079e-04   3.13220477e-08   8.77745430e-03   4.08780649e-03
   9.73798805e-01   2.97268172e-05   1.28224156e-02] , [  1.21178972e-03   1.47680466e-09   3.50955389e-01   1.89429019e-01
   4.43033090e-01   1.94519867e-05   1.53512592e-02] , [  1.21704367e-29   9.53104264e-14   9.07835373e-01   2.13694950e-02
   7.07887823e-02   6.35000825e-06   1.22776246e-15] , [  7.01677630e-03   2.88737035e-09   8.65683909e-01   2.02413974e-03
   1.23238291e-01   1.48659271e-04   1.88822149e-03] , [  8.16801464e-03   1.73909037e-06   4.42644471e-02   1.40005176e-01
   8.07558129e-01   2.49437089e-06   4.04627704e-12] , [  1.38887002e-35   2.76869944e-14   8.59298944e-01   6.33825120e-02
   7.73156700e-02   2.87436401e-06   3.87136406e-19] , [  9.81343017e-01   1.31009887e-10   3.16117262e-04   7.69882084e-04
   1.59643109e-02   7.01479580e-05   1.53652444e-03] , [  1.69745096e-32   9.00892772e-01   7.79296399e-13   9.91045824e-02
   1.94409386e-06   7.01478266e-07   8.97576709e-12] , [  4.33405740e-06   6.83850185e-05   3.02644357e-05   9.30444033e-01
   6.24077337e-02   7.04524956e-03   1.76091389e-10] , [  1.17734139e-02   2.66317707e-09   9.06077183e-01   2.35204767e-03
   7.93335402e-02   9.52726897e-06   4.54285812e-04] , [  2.06752004e-04   1.25510631e-08   7.78420365e-01   3.42554596e-03
   2.17715689e-01   3.94113985e-05   1.92224421e-04] , [  2.33620048e-03   1.71617904e-08   7.13650987e-01   2.71214157e-03
   2.80946744e-01   6.15305580e-05   2.92378987e-04] , [  6.17777305e-20   1.82742146e-10   7.53320461e-01   2.05494271e-02
   2.26126961e-01   3.15117159e-06   1.04349936e-11] , [  2.81254724e-04   1.67922950e-06   3.81399354e-05   3.41268182e-01
   1.77850012e-02   6.40625740e-01   3.22578492e-09] , [  2.11241646e-07   2.13699630e-04   6.00216965e-08   9.93641718e-01
   1.51893531e-03   4.62537523e-03   2.38444234e-10] , [  6.38451669e-04   6.10966360e-09   8.52514114e-01   3.11988806e-03
   1.43499094e-01   2.34568629e-05   2.04988960e-04] , [  2.12298072e-08   3.28703019e-05   4.19268200e-03   4.85096253e-01
   5.10511881e-01   1.66152558e-04   1.39883136e-07] , [  1.29501473e-35   9.29135366e-01   3.03118587e-10   7.08430804e-02
   2.14125865e-05   1.40672849e-07   2.91479762e-12] , [  1.61061148e-05   2.55433515e-03   6.97364700e-09   9.84927624e-01
   1.24823175e-02   1.96101329e-05   1.03656062e-11] , [  2.99104334e-18   2.26007922e-08   2.56238930e-04   1.61539102e-09
   1.52352301e-04   7.22354469e-05   9.99519149e-01] , [  3.97781033e-07   5.75838747e-06   1.07412651e-07   1.34674205e-01
   1.19692155e-02   8.53350249e-01   6.73966870e-08] , [  5.85090433e-08   4.32152878e-05   2.95479636e-05   8.47561883e-01
   2.98799005e-03   1.49377299e-01   6.41416324e-09] , [  1.00396075e-05   8.92852049e-08   5.98014625e-01   6.29072079e-02
   3.38460169e-01   6.07869854e-04   1.81487163e-10] , [  6.89930609e-01   7.32701925e-09   8.78921991e-07   2.88742456e-01
   2.13253216e-02   7.26235197e-07   3.60765150e-11] , [  4.01457931e-07   2.28659579e-09   7.98291682e-01   1.06342201e-02
   1.91071509e-01   2.16376852e-06   2.14324767e-08] , [  2.70954796e-27   1.70727141e-04   1.23965566e-04   1.33924665e-10
   2.35327482e-03   1.00641757e-08   9.97352022e-01] , [  5.59796603e-06   1.08975732e-06   2.55993488e-01   3.37914118e-01
   4.06085705e-01   1.15672473e-09   2.22340891e-10] , [  7.84199349e-01   5.94212703e-09   5.61899669e-06   1.76174378e-01
   3.93949950e-02   2.25643046e-04   1.01774428e-08] , [  1.14331822e-34   9.46608614e-01   1.35875216e-11   5.33775859e-02
   4.43890753e-06   9.36142514e-06   2.32640968e-11] , [  6.81087794e-01   2.24016173e-08   3.61729506e-06   2.71619136e-01
   4.72882267e-02   1.20332129e-06   1.96996819e-11] , [  5.20587119e-05   7.36960620e-06   5.34974630e-06   7.41522712e-01
   1.35919750e-02   2.44820532e-01   3.03166287e-09] , [  2.54313692e-04   4.68199272e-07   2.06663619e-03   9.32798938e-01
   4.17050829e-02   2.31745009e-02   6.04987945e-08] , [  6.79516712e-01   8.25188118e-09   2.60200934e-06   3.00786724e-01
   1.96892642e-02   4.68921935e-06   2.34725901e-11] , [  8.85514501e-01   2.41043021e-09   4.83519382e-05   2.61488194e-03
   1.11732139e-01   6.57230550e-05   2.44006373e-05] , [  1.87540606e-02   5.49417346e-09   4.98570343e-01   5.10734754e-02
   4.31375549e-01   1.96942550e-04   2.96237444e-05] , [  6.35692401e-03   9.70461561e-10   7.04993687e-01   1.99689033e-02
   2.60836161e-01   9.08975057e-04   6.93534825e-03] , [  4.01095974e-13   3.46675450e-05   2.69581254e-01   6.28059213e-01
   1.01728198e-01   5.96667381e-04   5.85886844e-19] , [  3.53661773e-33   9.10244650e-01   5.52357408e-13   8.97532775e-02
   9.02405366e-07   1.16959606e-06   8.32384483e-11] , [  3.70169284e-06   6.14386461e-07   4.97629619e-01   2.78897020e-02
   4.74476307e-01   5.37157396e-08   2.81544898e-09] , [  5.91831146e-09   2.01094883e-05   3.13560833e-06   9.46688155e-01
   8.72095981e-03   4.45676343e-02   2.18764317e-11] , [  1.58473717e-08   1.21232176e-05   3.73440761e-05   9.36929401e-01
   5.42749860e-02   8.74613001e-03   1.25952415e-10] , [  4.01137011e-26   3.31684157e-06   4.89845906e-04   4.20002576e-11
   2.89441943e-04   5.87630958e-09   9.99217389e-01] , [  2.31569951e-22   7.71867110e-05   2.62879678e-04   1.32243645e-09
   3.58071836e-03   3.33193018e-07   9.96078881e-01] , [  1.96220335e-33   9.51671026e-01   1.52944815e-12   4.83214354e-02
   1.72773732e-07   7.36005945e-06   5.77972856e-09] , [  2.30782269e-03   8.23935980e-09   5.24350543e-01   6.70112466e-02
   4.06104988e-01   2.04746313e-04   2.06456487e-05] , [  5.28255343e-03   2.05742572e-06   1.24226411e-08   1.39139826e-01
   7.31927195e-03   8.48256272e-01   6.78010376e-09] , [  2.81958542e-23   7.68958447e-01   1.10931352e-09   2.30931565e-01
   1.04483638e-04   5.50354410e-06   7.02386300e-17] , [  5.42038941e-04   5.22863311e-07   1.13825707e-01   1.10592815e-01
   7.75036419e-01   2.49530921e-06   1.10638629e-09] , [  8.19228777e-06   6.41353077e-07   5.34005793e-07   1.27660382e-01
   1.13081617e-02   8.61020236e-01   1.85276806e-06] , [  6.80761581e-36   1.99476121e-05   1.45219750e-03   9.63082177e-13
   4.63871599e-05   3.81925379e-07   9.98481086e-01] , [  5.82674250e-03   3.11449405e-09   8.69925011e-01   3.27391805e-03
   1.18214339e-01   3.95403174e-05   2.72044616e-03] , [  2.83434739e-06   2.08891152e-05   2.43585362e-04   6.14000906e-01
   3.84901600e-01   8.30156230e-04   2.89745686e-08] , [  9.14147699e-03   2.83380531e-09   4.07627037e-01   1.10883981e-01
   4.55503728e-01   1.54154168e-02   1.42835812e-03] , [  1.76134087e-38   9.74660767e-01   6.85110367e-07   2.53204611e-02
   1.78461316e-05   2.39818896e-07   4.76425247e-10] , [  6.95394063e-06   1.64257241e-07   5.39209582e-05   1.24475169e-01
   2.38565051e-02   8.51600641e-01   6.64529455e-06] , [  2.71151866e-05   6.08950800e-08   5.96350144e-01   5.92133048e-02
   3.43849349e-01   5.60026194e-04   3.43284079e-12] , [  1.56123773e-09   4.03326279e-03   5.56206339e-07   9.90611305e-01
   5.32793519e-03   2.69396346e-05   7.80118244e-13] , [  1.18288117e-05   1.62404728e-03   1.00378522e-07   9.22513753e-01
   7.34612855e-02   2.38898453e-03   6.58516154e-11] , [  2.44375513e-35   9.59103518e-01   2.88571952e-11   4.08713367e-02
   3.60244241e-07   2.47614117e-05   2.35970444e-08] , [  1.13785852e-36   9.42705306e-01   2.26028163e-11   5.72942874e-02
   3.28092637e-07   7.68197916e-08   1.22006886e-09] , [  8.99895408e-01   2.65418625e-09   4.94748632e-05   1.32064767e-03
   9.86106131e-02   4.50845096e-05   7.87694786e-05] , [  1.01724842e-07   2.65239087e-08   6.97500660e-01   2.25212898e-02
   2.79719984e-01   2.37559492e-04   2.03782381e-05] , [  1.59390488e-12   6.09635064e-02   2.87054801e-05   8.00432809e-01
   1.38574968e-01   1.15135431e-08   3.71259657e-14] , [  6.32877206e-01   1.17110403e-08   2.27550989e-06   3.36023288e-01
   3.10964236e-02   7.95344647e-07   2.12482219e-12] , [  1.29046568e-232   8.49858986e-071   9.97199242e-001   4.16456850e-008
   2.80012307e-003   5.93533577e-007   1.61017952e-133] , [  1.02055655e-12   4.79584028e-07   6.25977483e-02   3.63855480e-01
   4.92329359e-01   8.12169321e-02   6.03961861e-10] , [  8.15490870e-05   8.63207912e-07   7.01863026e-08   1.58685800e-01
   2.59630765e-03   8.38635358e-01   5.19738348e-08] , [  3.48558891e-24   4.61115259e-06   6.28000375e-04   9.95298013e-11
   2.04742214e-03   1.13375257e-04   9.97206591e-01] , [  8.74065247e-12   4.02958816e-07   8.85731744e-03   1.05051194e-01
   3.53687442e-04   7.42189694e-01   1.43547704e-01] , [  3.42826147e-25   8.38965312e-01   2.31674188e-09   1.60954134e-01
   4.84019729e-05   3.21493289e-05   4.35507230e-15] , [  1.93121200e-07   1.05628395e-04   3.13165876e-05   7.32631885e-01
   2.64566750e-01   2.66422628e-03   1.26107300e-10] , [  1.56003100e-10   6.74399430e-03   5.49402314e-09   9.89764408e-01
   3.09403989e-03   3.97552025e-04   2.88616832e-13] , [  3.95344647e-37   9.56861638e-01   2.40600689e-15   4.29810861e-02
   1.61329110e-09   2.05925701e-08   1.57253710e-04] , [  1.21337484e-23   3.32586966e-07   3.89443773e-04   1.20880852e-10
   1.20997460e-04   7.98694199e-08   9.99489146e-01] , [  8.91045571e-04   1.82978856e-08   1.56504537e-02   4.30150897e-03
   9.54474760e-01   2.35281141e-05   2.46586854e-02] , [  2.91395165e-37   9.47065870e-01   2.85073899e-08   5.29038809e-02
   3.00823009e-05   1.37616127e-07   2.28052205e-10] , [  6.09312162e-01   1.22580968e-07   2.71393045e-06   3.09203042e-01
   8.14779920e-02   3.96768939e-06   2.09014547e-13] , [  1.44466387e-04   1.26728241e-06   6.40400304e-08   1.43258403e-01
   2.79828390e-03   8.53797413e-01   1.02443369e-07] , [  6.62345513e-01   4.52036887e-09   3.12626714e-05   3.15575264e-01
   2.20472986e-02   6.57028092e-07   1.42981293e-11] , [  2.83572869e-21   8.51452709e-01   6.32565189e-14   1.48352339e-01
   2.71605597e-07   1.94679181e-04   4.65955882e-10] , [  8.93689987e-01   4.44721566e-10   5.43089199e-06   9.62829883e-02
   1.00128678e-02   8.45633167e-06   2.69375131e-07] , [  7.54116431e-01   1.50461968e-08   1.05132392e-05   2.00722916e-01
   4.40433965e-02   1.10672342e-03   4.03735891e-09] , [  1.18999099e-09   7.81808928e-08   7.16951591e-01   3.06374739e-02
   2.52410649e-01   8.57581915e-08   1.21121350e-07] , [  8.03067137e-04   1.28032281e-08   5.30112248e-01   8.34475614e-03
   4.58826094e-01   1.77805027e-04   1.73601696e-03] , [  8.30405781e-01   4.44082568e-09   1.69198563e-04   1.34665194e-02
   1.55947393e-01   1.00634293e-05   1.03963300e-06] , [  8.28537560e-01   5.17113855e-09   2.74014418e-04   1.20048813e-02
   1.59171996e-01   9.54496062e-06   1.99765609e-06] , [  4.50136707e-25   4.26084694e-09   3.92050266e-01   6.07340776e-01
   1.05589341e-06   6.03422808e-04   4.47516759e-06] , [  1.80222913e-04   7.44839573e-08   2.13057240e-05   6.04920270e-01
   7.37039363e-02   3.21174190e-01   5.12491561e-10] , [  6.55494277e-01   3.46847268e-08   2.97426200e-05   3.10572835e-01
   3.39030585e-02   5.17589514e-08   1.23439745e-11] , [  4.92621428e-39   9.53639299e-01   5.35977901e-16   4.63562134e-02
   1.35673994e-08   3.06776135e-08   4.44367062e-06] , [  1.88046834e-35   9.72076176e-01   1.20340304e-15   2.76722428e-02
   2.66593809e-08   2.39436869e-04   1.21179578e-05] , [  1.90294356e-42   9.67484289e-01   1.43596317e-14   3.15005773e-02
   3.43476112e-09   1.11146053e-08   1.01511869e-03] , [  4.28436935e-34   9.52567564e-01   1.06180537e-11   4.74066082e-02
   1.84891708e-06   2.39786514e-05   4.74242746e-10] , [  7.54760899e-01   3.39164226e-09   3.52033078e-05   2.26363441e-01
   1.88146241e-02   2.58240659e-05   5.00850759e-09] , [  3.33187313e-08   5.36188052e-08   7.85468408e-01   1.81720731e-02
   1.96356751e-01   1.15344913e-07   2.56599511e-06] , [  1.05288653e-22   8.60858434e-01   3.90425242e-12   1.38994957e-01
   3.03310316e-06   1.43575813e-04   1.28809053e-11] , [  5.82846847e-03   8.34253768e-07   1.32079278e-01   1.11619743e-01
   7.50471651e-01   2.59074029e-08   1.62219106e-10] , [  1.25341539e-03   3.74048856e-09   5.62747446e-01   2.42552846e-02
   4.00679972e-01   9.27241703e-05   1.09711544e-02] , [  2.58249224e-32   9.34394625e-01   2.37896550e-17   6.56039021e-02
   1.87660912e-08   1.12282646e-06   3.31763291e-07] , [  1.42661773e-37   9.52705591e-01   2.01082888e-11   4.72939535e-02
   3.80039058e-07   7.12571845e-08   4.41217808e-09] , [  7.14844403e-01   2.77102065e-08   1.46670977e-06   2.12429677e-01
   7.26392105e-02   8.52150048e-05   9.12883478e-11] , [  1.16961978e-08   2.08682281e-02   5.80202670e-07   9.74842204e-01
   4.23079669e-03   5.81789159e-05   3.28708692e-16] , [  8.76579031e-29   2.54881415e-06   1.62935155e-04   3.72262626e-12
   2.44616376e-04   7.35146193e-07   9.99589165e-01] , [  8.80759661e-37   9.60931833e-01   3.78663274e-12   3.90673990e-02
   3.35234948e-08   6.06198094e-08   6.74141011e-07] , [  1.79297356e-35   9.57732276e-01   6.68469628e-16   4.22621135e-02
   3.21835512e-08   3.78816323e-06   1.79026264e-06] , [  4.82151086e-07   1.40477448e-06   1.69841248e-03   7.09647534e-01
   2.82506374e-01   6.13800957e-03   7.78298180e-06] , [  1.82311056e-26   1.10610271e-06   4.46976888e-04   1.93741094e-11
   3.53296080e-04   5.69529234e-06   9.99192926e-01] , [  8.17914357e-03   1.23002132e-07   1.45674676e-02   4.38690729e-01
   5.38374605e-01   1.87664038e-04   2.67652620e-07] , [  7.91553734e-01   2.29572092e-09   2.57557994e-06   1.72839721e-01
   3.55699087e-02   3.40562400e-05   2.18531148e-09] , [  3.41651055e-31   6.35833495e-06   5.92246503e-03   4.66878926e-12
   6.84278397e-05   8.24141194e-08   9.94002666e-01] , [  3.24029320e-33   9.68432423e-01   1.32363221e-12   3.14028769e-02
   2.30818504e-07   1.64376345e-04   9.33549592e-08] , [  8.92550697e-01   1.76642826e-09   1.69254900e-04   1.14668503e-02
   9.57723341e-02   3.42698240e-05   6.59198841e-06] , [  9.24075745e-08   5.85128527e-03   1.36335109e-09   7.04531545e-01
   1.75053920e-03   2.87866536e-01   8.64919970e-11] , [  6.94309512e-20   7.89277098e-01   9.60895424e-09   2.09081103e-01
   9.97993883e-04   6.43795150e-04   1.35672929e-17] , [  8.07802305e-03   7.49266958e-09   7.50225771e-01   2.39407832e-03
   2.38500967e-01   3.30929241e-04   4.70224048e-04] , [  5.84285935e-32   9.41666606e-01   3.89650221e-07   5.82727860e-02
   6.16609502e-06   5.40516409e-05   2.87804488e-10] , [  8.24719123e-07   6.35197435e-04   1.25388937e-06   9.91006241e-01
   8.32968432e-03   2.67983667e-05   1.84493486e-13] , [  9.92525473e-04   1.82614712e-09   3.03582349e-01   1.87427323e-01
   4.88568823e-01   6.18943539e-05   1.93670829e-02] , [  9.38734541e-01   1.00059427e-09   6.39024690e-05   2.59533089e-03
   5.85527410e-02   2.26874102e-05   3.07958243e-05] , [  1.28210455e-24   6.32673794e-06   3.91070751e-03   1.20620816e-10
   1.89453246e-03   1.24357285e-06   9.94187190e-01] , [  1.15503999e-27   3.64581765e-05   1.95180040e-05   1.15058102e-10
   7.06384520e-04   3.13783251e-04   9.98923856e-01] , [  2.09924359e-09   1.45907145e-08   8.21849152e-01   5.94783172e-02
   1.18381554e-01   2.87634780e-07   2.90672672e-04] , [  9.13483100e-06   8.52450694e-06   4.20544330e-08   1.45901603e-01
   2.37567032e-02   8.30323990e-01   2.81494435e-09] , [  8.59756700e-09   1.02067775e-08   7.43922532e-01   8.34498516e-02
   1.71638781e-01   9.88794474e-04   2.20524217e-08] , [  9.86121919e-12   8.93604019e-03   4.75986603e-06   9.83448537e-01
   7.61052368e-03   1.39231143e-07   2.79691139e-16] , [  4.77272716e-09   1.94263180e-07   7.39710433e-04   8.74512036e-01
   1.21984871e-01   2.76252619e-03   6.57213729e-07] , [  1.42661773e-37   9.52705591e-01   2.01082888e-11   4.72939535e-02
   3.80039058e-07   7.12571845e-08   4.41217808e-09] , [  5.76428467e-05   9.14690801e-08   6.38378864e-02   1.78247106e-01
   7.57537054e-01   1.00834261e-04   2.19384964e-04] , [  6.03844525e-01   1.42997546e-07   2.78925746e-05   3.29491687e-01
   6.66354511e-02   3.01173038e-07   2.03089012e-13] , [  1.90934949e-05   3.61424694e-05   6.20340732e-07   6.01595660e-01
   4.40318437e-03   3.93945287e-01   1.30986833e-08] , [  9.16184839e-28   4.86749662e-05   2.93183243e-03   1.63112395e-10
   2.00462257e-04   2.73638934e-08   9.96819003e-01] , [  7.71447799e-06   2.96342403e-04   1.12506554e-06   9.31334929e-01
   6.83289999e-02   3.08885429e-05   2.32428281e-10] , [  6.30407358e-30   2.28927788e-06   5.91055909e-04   3.12002584e-11
   1.77254049e-04   1.73926755e-07   9.99229227e-01] , [  1.79758980e-05   1.46612958e-07   2.80757358e-06   1.06369176e-01
   1.38306312e-03   8.92225817e-01   1.01445339e-06] , [  9.40512776e-01   6.99667516e-10   9.65875116e-04   6.56209312e-03
   5.19278115e-02   5.49550341e-06   2.59476923e-05] , [  2.41999877e-04   1.02700149e-08   1.38245712e-01   2.19434926e-01
   6.37283120e-01   1.71406825e-04   4.62282491e-03] , [  8.46876481e-31   1.32672974e-05   7.50938553e-04   7.38319729e-12
   2.58694400e-04   2.05979150e-07   9.98976894e-01] , [  2.07765728e-36   9.65399476e-01   2.79358354e-08   3.45892863e-02
   1.07760835e-05   4.32960463e-07   6.02413888e-10] , [  6.90782045e-08   6.68798043e-06   1.53358535e-07   1.08102514e-01
   4.06385241e-03   8.87826665e-01   5.86643071e-08] , [  3.09449064e-27   3.39233418e-05   4.10542154e-03   1.19781755e-10
   3.51320923e-04   8.27846421e-09   9.95509326e-01] , [  6.62358851e-01   6.18803862e-09   5.13735163e-04   3.08960671e-01
   2.81667202e-02   1.62285169e-08   2.94647631e-11] , [  2.62987877e-06   1.22787648e-03   1.02644243e-07   9.82953475e-01
   1.34268422e-02   2.38907411e-03   2.87642461e-11] , [  6.95187666e-01   9.45759429e-09   3.11753127e-06   2.86322293e-01
   1.84779480e-02   8.96683135e-06   2.99593013e-11] , [  4.69958674e-07   1.36965345e-04   9.67023215e-06   7.76829406e-01
   2.10724398e-01   1.22990901e-02   3.82546025e-10] , [  9.86121919e-12   8.93604019e-03   4.75986603e-06   9.83448537e-01
   7.61052368e-03   1.39231143e-07   2.79691139e-16] , [  1.69230277e-31   3.31373901e-04   2.83689695e-04   3.76522358e-11
   7.13037210e-04   1.75909856e-08   9.98671882e-01] , [  4.22396444e-06   3.29620897e-08   6.77524278e-02   3.12742458e-01
   6.19494517e-01   8.56389785e-08   6.25409726e-06] , [  6.40008157e-01   1.02735443e-08   4.77233435e-05   3.35980696e-01
   2.39632809e-02   1.32702004e-07   3.36155049e-12] , [  1.06192612e-03   6.60104500e-08   6.18170533e-04   8.74404761e-01
   1.02600529e-01   2.13118824e-02   2.66418885e-06] , [  9.49021894e-04   2.35476071e-07   2.93246957e-01   2.06608087e-02
   6.85142394e-01   5.11771230e-07   7.06401690e-08] , [  4.05370240e-08   5.54639468e-06   3.38035643e-07   1.25145880e-01
   2.91326155e-02   8.45715369e-01   2.10532239e-07] , [  3.54773929e-06   2.52979020e-07   2.68792028e-02   3.09992899e-01
   5.32824991e-01   1.30298918e-01   1.88711676e-07] , [  1.31869726e-05   2.69735073e-05   4.18162222e-09   1.96635594e-01
   2.59421664e-03   8.00730025e-01   2.63172901e-11] , [  3.11883461e-05   8.47061052e-09   7.92342604e-01   6.38371599e-03
   2.01187277e-01   3.25611517e-05   2.26449725e-05] , [  1.49241933e-24   3.63993326e-06   6.01732413e-03   8.99914416e-11
   7.70740348e-04   3.19882238e-06   9.93205097e-01] , [  2.28107168e-26   8.75505519e-01   3.25246295e-08   1.24294381e-01
   1.67782592e-04   3.22848409e-05   5.89994411e-15] , [  9.80444674e-01   1.69804067e-10   1.39670880e-04   7.72102020e-04
   1.77966731e-02   2.76364258e-05   8.19243023e-04] , [  5.86393264e-04   5.39716563e-09   8.84543119e-01   4.00468297e-03
   1.10664025e-01   3.91371202e-06   1.97860841e-04] , [  1.58790967e-24   5.83644666e-06   8.05698102e-04   1.01389136e-10
   1.28215907e-03   3.84443410e-06   9.97902462e-01] , [  5.68622327e-04   2.98931680e-07   5.50370085e-02   2.92580951e-01
   6.51701389e-01   1.11466769e-04   2.63003653e-07] , [  1.28444589e-03   1.62964719e-06   1.98637028e-01   1.54246254e-01
   6.45830642e-01   7.28577918e-10   2.08139518e-11] , [  1.36518891e-05   1.15673851e-08   8.58916229e-01   9.47035873e-03
   1.31341602e-01   4.10754692e-07   2.57735968e-04] , [  2.93065151e-20   8.95594301e-01   7.30229414e-14   1.00149652e-01
   3.23293336e-07   4.25572231e-03   1.79111123e-09] , [  3.97222612e-03   2.70674385e-09   7.97949248e-01   8.56807007e-03
   1.86869736e-01   2.38249157e-05   2.61689159e-03] , [  3.26928777e-03   3.24362374e-11   1.10721651e-03   3.42805636e-03
   2.69559027e-02   4.81201432e-01   4.84038105e-01] , [  1.22726238e-05   3.16712793e-07   9.28043247e-07   1.07113302e-01
   1.44735947e-03   8.91425215e-01   6.06724879e-07] , [  7.56400241e-35   9.39558018e-01   1.29999173e-12   6.04408541e-02
   2.09268864e-07   9.15615187e-07   2.97124902e-09] , [  3.56734143e-32   9.07962356e-01   3.79464504e-13   9.20335860e-02
   9.03126061e-07   3.15463491e-06   7.15621148e-11] , [  2.67165841e-22   3.04282479e-07   1.22439730e-03   2.58749098e-10
   4.65719839e-04   8.49934630e-07   9.98308728e-01] , [  7.16205896e-01   1.53672250e-09   7.16055505e-05   2.67908185e-01
   1.58141437e-02   1.67974981e-07   2.77562802e-10] , [  5.68239071e-07   2.77722001e-05   2.46908035e-08   1.05297709e-01
   1.77342350e-03   8.92900502e-01   4.74217431e-10] , [  7.42325990e-01   1.20135898e-08   7.49959860e-06   2.24438906e-01
   3.32131013e-02   1.44905241e-05   4.54066412e-10] , [  1.26987940e-07   2.84842564e-05   1.04276558e-08   9.48170280e-02
   1.06810732e-03   9.04086236e-01   7.41272978e-09] , [  8.63164313e-25   1.52090476e-06   2.91404438e-03   5.85384696e-11
   8.01845118e-04   6.18063164e-06   9.96276409e-01] , [  4.68135446e-05   7.22143620e-09   8.41908518e-01   9.67760071e-03
   1.48244768e-01   1.07703337e-05   1.11521949e-04] , [  2.90586768e-02   1.32206570e-08   3.38056347e-02   1.19589616e-01
   8.02596219e-01   1.49109532e-02   3.88871390e-05] , [  3.33153193e-04   5.21113826e-08   8.92477050e-03   4.90757928e-03
   9.81697339e-01   6.78390276e-06   4.13032248e-03] , [  2.59785312e-08   5.27975149e-07   4.57825725e-04   9.46661675e-01
   5.28779820e-02   1.96267790e-06   4.47522390e-10] , [  1.12886966e-04   1.06791830e-05   1.22792880e-08   1.53150645e-01
   4.89481875e-03   8.41830956e-01   2.10690493e-09] , [  7.69434178e-34   5.76504338e-05   2.31432603e-03   4.11568352e-12
   1.97262761e-04   5.10558404e-09   9.97430756e-01] , [  3.96251785e-05   9.45373957e-06   9.90829785e-09   1.46189325e-01
   4.92256644e-03   8.48839019e-01   9.54394355e-10] , [  1.72299029e-10   3.06845499e-08   1.36140610e-04   9.36103521e-02
   2.54801969e-02   8.80773276e-01   3.11779489e-09] , [  9.44076732e-01   9.88048765e-10   1.63933250e-04   2.31180018e-03
   5.34081792e-02   8.86895794e-06   3.04858655e-05] , [  1.24033977e-25   8.11247872e-01   4.94500325e-08   1.87636857e-01
   1.11272035e-03   2.50143029e-06   5.09611433e-18] , [  1.64944688e-24   9.81038580e-08   1.73038472e-03   2.41899727e-11
   1.55639166e-04   1.40953322e-05   9.98099783e-01] , [  9.11810896e-01   3.47590368e-09   8.61632658e-06   1.47105620e-03
   8.66877568e-02   1.07353791e-05   1.09361299e-05] , [  2.14778670e-06   6.65217986e-06   1.62783406e-08   1.45572317e-01
   7.59305584e-04   8.53659560e-01   7.78129743e-10] , [  4.93135382e-26   2.18908573e-06   4.00375184e-03   4.23838656e-11
   5.44371127e-04   1.69318734e-06   9.95447995e-01] , [  7.26030524e-01   1.55283943e-08   3.32807944e-06   2.33572102e-01
   4.03927738e-02   1.25664727e-06   1.18929379e-10] , [  3.40070332e-07   4.59666916e-07   6.37521643e-07   1.48170200e-01
   1.63687248e-03   8.50191148e-01   3.41932765e-07] , [  6.03646792e-11   2.17018475e-07   8.60708806e-04   9.83680800e-01
   1.54582708e-02   3.23069230e-09   3.80881601e-14] , [  4.56743438e-25   1.77248040e-06   6.61785526e-04   2.66316776e-11
   2.02029660e-03   1.82930346e-05   9.97297852e-01] , [  4.61896712e-08   4.16908814e-06   1.59726883e-02   3.01240509e-01
   6.77718214e-01   5.06437303e-03   7.55652667e-10] , [  1.36854857e-10   4.12794834e-07   7.46279523e-05   7.68824637e-02
   2.65515912e-02   8.96490899e-01   4.71615175e-09] , [  1.66041015e-33   9.59759541e-01   2.53953652e-12   4.02278475e-02
   1.53053542e-07   1.24217046e-05   3.67462649e-08] , [  6.42969237e-05   1.22411870e-07   8.37784670e-02   1.23395566e-01
   7.92549420e-01   4.52778547e-05   1.66849514e-04] , [  9.08572180e-04   8.09725790e-07   1.62592875e-02   5.01792683e-01
   4.80543418e-01   4.95159263e-04   7.00941474e-08] , [  1.49125036e-22   4.43379252e-06   4.49023033e-03   7.70282652e-10
   9.00988599e-04   8.09404365e-07   9.94603537e-01] , [  2.25628715e-02   1.38403004e-08   4.42079490e-01   1.46981004e-02
   5.20355224e-01   2.77635596e-04   2.66638723e-05] , [  8.81419606e-23   1.33469763e-06   4.70283191e-04   3.88722730e-10
   4.04895214e-04   3.89294946e-08   9.99123448e-01] , [  3.28277011e-06   6.28230528e-04   8.42053558e-06   9.47791927e-01
   5.15681218e-02   1.73864427e-08   4.23386029e-12] , [  5.63398367e-21   1.32215816e-12   8.69609920e-01   2.92460006e-02
   1.01143846e-01   2.33660379e-07   8.50636522e-15] , [  1.88631235e-26   1.35558882e-06   1.28787807e-04   1.24794347e-11
   3.34163279e-04   8.42299233e-07   9.99534851e-01] , [  8.19183002e-01   3.23123069e-09   1.12296099e-05   1.46321417e-01
   3.39205144e-02   5.63826162e-04   7.84924878e-09] , [  3.35230177e-03   1.50242067e-06   8.08468887e-03   3.55334701e-01
   6.33209845e-01   1.69601743e-05   2.57788898e-10] , [  1.01824026e-02   9.08120297e-07   9.24628128e-02   1.04891315e-01
   7.92462534e-01   2.80523816e-08   1.56038939e-10] , [  1.32262287e-10   1.02154206e-03   3.19170949e-05   9.47026084e-01
   5.19204156e-02   4.14917400e-08   1.92627653e-14] , [  8.19653761e-01   1.70659293e-09   4.99182151e-06   1.56112287e-01
   2.41881239e-02   4.08159300e-05   1.91617371e-08] , [  1.19861117e-04   6.98335397e-07   4.11237049e-02   2.87315175e-01
   6.69920101e-01   1.52039372e-03   6.64582618e-08] , [  4.33086008e-05   6.06568580e-06   1.52739115e-02   2.34260073e-01
   7.50415074e-01   1.56725283e-06   8.77592037e-11] , [  1.34651465e-03   1.05872567e-08   8.44173395e-01   2.22611907e-03
   1.51073852e-01   8.29607021e-06   1.17181193e-03] , [  2.23079519e-18   7.49690689e-01   1.10201861e-07   2.35864304e-01
   1.26140185e-02   1.83087865e-03   8.92099940e-21] , [  1.59736430e-09   1.06268535e-10   8.55378417e-01   1.33695746e-01
   1.09133625e-02   1.24629266e-05   9.72014479e-09] , [  9.19449548e-01   1.97606141e-10   1.37898066e-06   7.42009981e-02
   6.22625801e-03   1.21158439e-04   6.57838031e-07] , [  2.58371366e-34   1.07395168e-03   1.59335659e-03   7.24621758e-12
   5.15057413e-04   4.33290273e-08   9.96817591e-01] , [  5.03534758e-24   5.81860153e-06   2.98830641e-02   2.34770928e-10
   5.59160684e-04   7.75827235e-07   9.69551181e-01] , [  5.74379787e-04   1.12726457e-07   2.59807605e-01   5.83020031e-02
   6.81315124e-01   7.72552387e-07   2.10027123e-09] , [  2.45955877e-04   2.33425161e-08   7.92415600e-05   9.24562821e-02
   1.08895550e-02   8.96308074e-01   2.08684144e-05] , [  3.06429637e-36   9.56765401e-01   4.81819367e-08   4.32256771e-02
   8.74160375e-06   1.32118138e-07   8.39969584e-11] , [  4.96865472e-07   7.96149397e-06   1.45709853e-07   1.43868408e-01
   1.30317197e-02   8.43091257e-01   1.11277524e-08] , [  2.47024484e-16   2.23783817e-08   1.26067792e-03   1.72576770e-09
   3.00378246e-03   7.45929549e-05   9.95660923e-01] , [  7.17263554e-01   2.03194395e-08   7.26821815e-05   1.17453440e-02
   2.70910713e-01   7.45463273e-06   2.31091337e-07] , [  2.84522785e-10   1.59263249e-02   1.85332506e-06   9.72845476e-01
   1.12231263e-02   3.21961115e-06   6.29282746e-14] , [  2.56329236e-06   6.27400121e-07   7.55362837e-08   1.14049929e-01
   3.24438924e-04   8.85621779e-01   5.87116389e-07] , [  8.07842370e-04   4.91968742e-07   8.74609240e-08   1.42771696e-01
   3.25656071e-03   8.53162254e-01   1.06689177e-06] , [  4.28927569e-34   9.65532171e-01   1.84097018e-08   3.44452155e-02
   1.46395376e-05   7.95482252e-06   1.15085295e-09] , [  1.05817499e-03   4.08224117e-06   9.96386321e-09   1.49645079e-01
   6.39516801e-03   8.42897482e-01   4.13298626e-09] , [  1.06238538e-03   1.31423778e-09   5.53593118e-01   6.04705462e-02
   3.75174965e-01   9.89477333e-05   9.60003622e-03] , [  7.84084694e-01   7.34977186e-09   5.99239633e-06   1.69776827e-01
   4.60274247e-02   1.05041967e-04   1.24188623e-08] , [  6.77753694e-01   2.35323522e-08   2.76506821e-06   2.91175158e-01
   3.10672046e-02   1.15408974e-06   3.43316307e-11] , [  1.24169185e-88   3.10578872e-22   9.20408315e-01   2.91929974e-02
   5.03986872e-02   7.04823133e-10   2.20567807e-42] , [  6.59867702e-05   3.25413664e-06   6.83920555e-02   1.85095029e-01
   7.46443650e-01   2.48185429e-08   2.24424666e-10] , [  2.26435773e-03   8.14367629e-09   8.31414171e-01   2.27447931e-03
   1.62752282e-01   3.65189693e-05   1.25818241e-03] , [  1.49619511e-15   2.88419790e-09   5.10355411e-03   6.36345889e-10
   7.13826845e-04   3.80234024e-04   9.93802381e-01] , [  7.64469484e-07   1.01582483e-05   7.33115007e-02   3.34090199e-01
   5.92587377e-01   7.25967251e-10   4.67296220e-12] , [  7.87443810e-01   4.25959766e-09   3.86195640e-06   1.78936803e-01
   3.32701298e-02   3.45386124e-04   4.27349731e-09] , [  3.28680164e-02   2.87239394e-09   8.18218601e-01   2.20802410e-03
   1.46279834e-01   1.64275940e-04   2.61245743e-04] , [  1.28869352e-09   3.47497559e-03   1.76394376e-06   9.83660961e-01
   1.27454828e-02   1.16815308e-04   3.81720854e-12] , [  9.01690451e-01   8.99331218e-10   3.83703006e-07   8.10947353e-02
   1.71821451e-02   3.21899667e-05   9.40352603e-08] , [  6.33889775e-06   2.46702698e-03   4.66307737e-09   9.80249042e-01
   3.58396277e-03   1.36936242e-02   2.84271533e-11] , [  2.09746935e-03   2.43777017e-07   6.81393618e-02   6.79822445e-02
   8.61143214e-01   6.37456441e-04   1.05451786e-08] , [  1.45868658e-36   9.32036033e-01   1.45759479e-12   6.79637037e-02
