------------ LogisticRegression ------------
Predict Proba:
 [ 0.07914511  0.69219682  0.22865807] , [  8.99233064e-01   1.00628753e-01   1.38183284e-04] , [ 0.00420575  0.41686113  0.57893312] , [ 0.0719211   0.55290273  0.37517617] , [ 0.02944646  0.60772714  0.3628264 ] , [  8.01538688e-01   1.98265236e-01   1.96075495e-04] , [ 0.08031852  0.70119597  0.21848551] , [ 0.02947973  0.69085463  0.27966564] , [ 0.0538382   0.69862895  0.24753285] , [ 0.05131488  0.67771102  0.2709741 ] , [ 0.0014987   0.23150696  0.76699434] , [  9.46485651e-01   5.34882023e-02   2.61471988e-05] , [  8.49342274e-01   1.50527849e-01   1.29876667e-04] , [  8.52928816e-01   1.46827424e-01   2.43760215e-04] , [  9.02405964e-01   9.75213162e-02   7.27200397e-05] , [ 0.01467054  0.49119903  0.49413042] , [ 0.00129511  0.20723604  0.79146885] , [ 0.0082008   0.43969936  0.55209984] , [ 0.03213516  0.77583017  0.19203467] , [ 0.00294801  0.28895563  0.70809636] , [  9.19756327e-01   8.02029757e-02   4.06973839e-05] , [ 0.00175811  0.28509959  0.71314231] , [  8.25817252e-01   1.73829094e-01   3.53654501e-04] , [  6.97077726e-04   2.23510259e-01   7.75792663e-01] , [ 0.00198635  0.35520655  0.6428071 ] , [ 0.00178647  0.31143576  0.68677777] , [  1.21353863e-04   3.68466222e-01   6.31412424e-01] , [ 0.02064846  0.47542841  0.50392313] , [ 0.04761964  0.72430354  0.22807681] , [  9.29584307e-01   7.03919002e-02   2.37926452e-05] , [  7.83760298e-01   2.15948317e-01   2.91385549e-04] , [  8.84712445e-01   1.15221238e-01   6.63169646e-05] , [ 0.00397499  0.46257273  0.53345227] , [  8.23610447e-01   1.76169771e-01   2.19782763e-04] , [  8.38756605e-01   1.60977264e-01   2.66130725e-04] , [  4.54915624e-05   3.68006928e-01   6.31947580e-01] , [ 0.13512034  0.66490971  0.19996995] , [  8.06741733e-01   1.92913532e-01   3.44735196e-04] , [  9.07623202e-01   9.22672781e-02   1.09519377e-04] , [  8.36376187e-01   1.63523643e-01   1.00169814e-04] , [ 0.01444912  0.64254026  0.34301062] , [ 0.0662817   0.59881635  0.33490195] , [ 0.04821185  0.56039698  0.39139116] , [  9.03976203e-01   9.59237385e-02   1.00058491e-04] , [  7.93515509e-01   2.06279984e-01   2.04506465e-04] , [ 0.023667    0.51626338  0.46006962] , [ 0.00224156  0.16156662  0.83619183] , [  9.11664982e-01   8.83218116e-02   1.32059361e-05] , [ 0.01647824  0.33696044  0.64656132] , [ 0.00404     0.36771912  0.62824088] , [ 0.00399248  0.28470346  0.71130407] , [ 0.00223768  0.19926015  0.79850217] , [ 0.01536356  0.57379015  0.41084628] , [  8.66698168e-01   1.33207910e-01   9.39213480e-05] , [ 0.00202003  0.28950576  0.70847421] , [ 0.055679    0.71140223  0.23291876] , [  8.55797221e-01   1.44073320e-01   1.29458983e-04] , [  8.09699925e-01   1.89988392e-01   3.11682369e-04] , [  8.42220505e-01   1.57643742e-01   1.35753124e-04] , [ 0.05954908  0.7246059   0.21584502] ]
log_loss: 0.337088281375 

------------ 		SVC         ------------
Predict Proba:
 [ 0.01269347  0.98169458  0.00561194] , [ 0.93997023  0.03164524  0.02838453] , [ 0.01570695  0.33255203  0.65174103] , [ 0.0147892   0.97522439  0.00998641] , [ 0.01894034  0.87714963  0.10391003] , [ 0.94667839  0.02832319  0.02499842] , [ 0.01315766  0.98123966  0.00560268] , [ 0.01663607  0.94711826  0.03624567] , [ 0.01675389  0.96348411  0.019762  ] , [ 0.01167266  0.98117519  0.00715216] , [ 0.01247703  0.00980411  0.97771886] , [ 0.84935936  0.07538801  0.07525264] , [ 0.94603667  0.02885229  0.02511104] , [ 0.94524996  0.02896692  0.02578312] , [ 0.93504754  0.02688056  0.0380719 ] , [ 0.01440536  0.88168988  0.10390476] , [ 0.01683018  0.01025613  0.97291369] , [ 0.01729617  0.36822874  0.61447509] , [ 0.01424444  0.97706165  0.00869391] , [ 0.01233842  0.04395804  0.94370355] , [ 0.91579855  0.03959594  0.04460551] , [ 0.01343238  0.04662822  0.9399394 ] , [ 0.94404102  0.03020882  0.02575016] , [ 0.01332961  0.00526792  0.98140247] , [ 0.01405879  0.08881371  0.8971275 ] , [ 0.01145877  0.02560372  0.96293751] , [ 0.02755383  0.02617144  0.94627473] , [ 0.01349516  0.92425904  0.0622458 ] , [ 0.02310055  0.89972341  0.07717604] , [ 0.89392398  0.05091142  0.05516459] , [ 0.93838109  0.03631961  0.02529931] , [ 0.89402952  0.0623204   0.04365007] , [ 0.0166744   0.5188478   0.46447779] , [ 0.93484256  0.02738844  0.037769  ] , [ 0.94837546  0.02511564  0.02650891] , [ 0.03914974  0.03274182  0.92810844] , [ 0.04260785  0.92770423  0.02968792] , [ 0.94330084  0.03176172  0.02493744] , [ 0.91421149  0.04870795  0.03708056] , [ 0.95052148  0.02390302  0.02557551] , [ 0.0194989   0.83166905  0.14883205] , [ 0.01458384  0.97672041  0.00869575] , [ 0.01311112  0.97475081  0.01213807] , [ 0.93778568  0.03151148  0.03070285] , [ 0.94806837  0.0263522   0.02557943] , [ 0.01464949  0.92981342  0.0555371 ] , [ 0.01621193  0.01207499  0.97171307] , [ 0.87684527  0.06005519  0.06309954] , [ 0.01751132  0.87546508  0.1070236 ] , [ 0.01489826  0.25110761  0.73399413] , [ 0.02920634  0.5084459   0.46234777] , [ 0.01419049  0.01301186  0.97279765] , [ 0.01488708  0.92978938  0.05532355] , [ 0.94694222  0.02682425  0.02623353] , [ 0.01176498  0.02680317  0.96143185] , [ 0.01462576  0.97510459  0.01026965] , [ 0.9315017   0.03995553  0.02854277] , [ 0.94805896  0.02763925  0.02430179] , [ 0.95001321  0.02568865  0.02429815] , [ 0.01319315  0.98121312  0.00559373] ]
log_loss: 0.111396364767 

------------ LogisticRegression ------------
Predict Proba:
 [ 0.  1.  0.] , [ 1.  0.  0.] , [ 0.   0.8  0.2] , [ 0.  1.  0.] , [ 0.  1.  0.] , [ 1.  0.  0.] , [ 0.  1.  0.] , [ 0.  1.  0.] , [ 0.  1.  0.] , [ 0.  1.  0.] , [ 0.  0.  1.] , [ 0.7  0.3  0. ] , [ 1.  0.  0.] , [ 1.  0.  0.] , [ 1.  0.  0.] , [ 0.  1.  0.] , [ 0.  0.  1.] , [ 0.   0.8  0.2] , [ 0.  1.  0.] , [ 0.  0.  1.] , [ 1.  0.  0.] , [ 0.  0.  1.] , [ 1.  0.  0.] , [ 0.  0.  1.] , [ 0.  0.  1.] , [ 0.  0.  1.] , [ 0.  0.  1.] , [ 0.  1.  0.] , [ 0.  1.  0.] , [ 0.9  0.1  0. ] , [ 1.  0.  0.] , [ 0.7  0.3  0. ] , [ 0.   0.9  0.1] , [ 1.  0.  0.] , [ 1.  0.  0.] , [ 0.  0.  1.] , [ 0.  1.  0.] , [ 1.  0.  0.] , [ 1.  0.  0.] , [ 1.  0.  0.] , [ 0.  1.  0.] , [ 0.  1.  0.] , [ 0.  1.  0.] , [ 1.  0.  0.] , [ 1.  0.  0.] , [ 0.  1.  0.] , [ 0.  0.  1.] , [ 0.7  0.3  0. ] , [ 0.4  0.6  0. ] , [ 0.   0.1  0.9] , [ 0.  1.  0.] , [ 0.  0.  1.] , [ 0.  1.  0.] , [ 1.  0.  0.] , [ 0.  0.  1.] , [ 0.  1.  0.] , [ 1.  0.  0.] , [ 1.  0.  0.] , [ 1.  0.  0.] , [ 0.  1.  0.] ]
log_loss: 0.63780483102 

